5
50
5
1
5
0 5
0 9
0 22
0 27
0 28
0 29
0 30
0 31
0 36
0 41
0 43
0 46
0 48
1 3
1 4
1 5
1 6
1 9
1 17
1 30
1 32
1 42
1 46
1 47
2 6
2 16
2 21
2 29
2 39
2 44
2 46
2 47
2 49
3 9
3 18
3 19
3 28
3 31
3 33
3 36
3 42
3 43
3 47
3 48
4 5
4 10
4 11
4 13
4 18
4 21
4 22
4 26
4 27
4 29
4 30
4 32
4 35
4 36
4 40
4 43
4 44
4 46
4 49
5 8
5 9
5 13
5 14
5 18
5 21
5 25
5 28
5 32
5 34
5 36
5 39
5 41
5 43
6 10
6 15
6 17
6 23
6 28
6 33
6 35
6 37
6 40
6 43
6 45
7 8
7 9
7 13
7 14
7 15
7 21
7 24
7 25
7 27
7 28
7 29
7 31
7 36
7 44
7 47
8 15
8 16
8 22
8 23
8 32
8 34
8 36
8 37
8 40
8 43
8 45
8 48
9 12
9 22
9 23
9 26
9 27
9 31
9 36
9 37
9 39
9 40
10 11
10 13
10 15
10 17
10 18
10 19
10 32
10 36
10 42
11 18
11 21
11 23
11 30
11 39
11 42
11 43
11 44
11 48
11 49
12 20
12 23
12 24
12 25
12 27
12 29
12 31
12 33
12 36
12 37
12 39
12 40
12 47
13 14
13 18
13 19
13 22
13 26
13 27
13 38
13 43
13 47
13 48
13 49
14 17
14 18
14 21
14 23
14 24
14 28
14 31
14 34
14 42
14 49
15 20
15 22
15 27
15 36
15 37
15 39
15 47
15 48
16 21
16 24
16 26
16 31
16 38
17 18
17 19
17 21
17 26
17 29
17 30
17 31
17 35
17 36
17 38
17 39
17 40
17 42
17 44
17 46
18 19
18 20
18 21
18 26
18 28
18 29
18 38
18 39
18 42
18 43
18 45
18 46
19 21
19 22
19 24
19 29
19 32
19 36
19 38
19 41
19 44
19 49
20 24
20 33
20 34
20 36
20 45
20 47
20 49
21 24
21 26
21 28
21 29
21 31
21 34
21 38
21 47
21 49
22 25
22 27
22 28
22 32
22 33
22 36
22 40
22 42
22 44
22 48
22 49
23 24
23 26
23 28
23 29
23 31
23 37
23 39
23 46
23 47
24 33
24 37
24 39
24 40
24 41
24 43
24 45
24 47
24 48
25 31
25 35
25 36
25 38
25 40
25 41
25 46
25 48
26 28
26 32
26 33
26 36
26 40
26 41
26 42
26 43
26 44
27 28
27 29
27 34
27 35
28 29
28 34
28 37
28 38
28 39
28 40
29 32
29 34
29 35
29 37
29 38
29 40
29 46
30 31
30 32
30 34
30 38
30 41
30 48
31 32
31 34
31 37
31 39
31 43
31 44
31 46
31 49
32 35
32 40
32 45
32 46
32 47
33 35
33 36
33 39
33 44
33 45
33 48
34 35
34 37
34 38
34 40
34 48
35 43
35 46
36 41
36 42
36 48
37 38
37 40
37 41
37 42
37 49
38 39
38 47
39 42
39 44
39 45
39 49
40 42
40 44
40 45
40 46
40 48
40 49
41 42
41 43
41 48
42 45
43 44
43 49
44 47
45 49
46 49
