5
50
5
1
5
0 41
0 43
1 3
1 5
1 17
1 30
1 32
1 46
2 6
2 29
2 47
3 19
3 47
4 5
4 18
4 26
4 36
4 49
5 21
5 25
5 28
5 36
5 39
6 17
6 23
6 33
6 37
6 40
6 43
7 13
7 25
7 47
8 15
8 22
8 37
8 45
9 27
9 36
9 40
10 11
10 32
11 18
11 30
11 42
11 43
11 48
12 20
12 23
12 27
12 39
13 26
13 38
13 43
14 17
14 24
14 28
14 34
14 42
15 20
15 27
15 36
15 39
17 19
17 29
17 31
17 35
17 42
17 46
18 20
18 26
18 28
18 45
18 46
19 21
19 24
19 32
19 44
20 33
20 36
20 45
21 24
21 28
21 47
21 49
22 25
22 28
22 36
22 40
23 29
23 46
24 43
24 45
24 48
25 31
26 28
26 36
26 40
26 44
27 34
28 29
28 34
28 37
28 38
29 32
29 37
29 38
29 40
29 46
30 32
30 41
31 46
32 45
33 36
34 37
34 38
35 43
36 41
36 42
39 44
40 44
40 49
41 43
43 49
