5
50
5
1
5
0 5
0 22
0 27
0 29
0 31
0 36
0 41
0 43
0 46
0 48
1 3
1 5
1 6
1 9
1 17
1 30
1 32
1 46
2 6
2 16
2 29
2 39
2 44
2 46
2 47
2 49
3 19
3 28
3 33
3 42
3 47
3 48
4 5
4 10
4 11
4 13
4 18
4 21
4 26
4 29
4 36
4 40
4 44
4 49
5 8
5 14
5 21
5 25
5 28
5 32
5 36
5 39
5 41
5 43
6 10
6 17
6 23
6 33
6 37
6 40
6 43
6 45
7 13
7 24
7 25
7 27
7 29
7 36
7 47
8 15
8 16
8 22
8 32
8 34
8 36
8 37
8 45
8 48
9 23
9 26
9 27
9 31
9 36
9 40
10 11
10 13
10 17
10 19
10 32
10 36
10 42
11 18
11 23
11 30
11 39
11 42
11 43
11 48
12 20
12 23
12 24
12 27
12 29
12 36
12 37
12 39
12 40
13 18
13 22
13 26
13 38
13 43
13 47
13 48
14 17
14 18
14 21
14 24
14 28
14 34
14 42
14 49
15 20
15 22
15 27
15 36
15 39
16 26
16 38
17 19
17 21
17 29
17 31
17 35
17 38
17 40
17 42
17 46
18 20
18 21
18 26
18 28
18 29
18 42
18 45
18 46
19 21
19 22
19 24
19 29
19 32
19 36
19 41
19 44
19 49
20 24
20 33
20 34
20 36
20 45
20 47
21 24
21 28
21 34
21 38
21 47
21 49
22 25
22 28
22 36
22 40
22 42
22 48
22 49
23 26
23 29
23 31
23 46
24 37
24 39
24 40
24 43
24 45
24 48
25 31
25 35
25 36
25 38
25 40
26 28
26 32
26 36
26 40
26 42
26 44
27 28
27 34
28 29
28 34
28 37
28 38
28 39
29 32
29 34
29 35
29 37
29 38
29 40
29 46
30 31
30 32
30 34
30 41
31 43
31 46
31 49
32 40
32 45
33 36
33 44
33 48
34 35
34 37
34 38
34 40
35 43
36 41
36 42
37 38
37 42
38 47
39 42
39 44
39 49
40 42
40 44
40 45
40 46
40 48
40 49
41 43
42 45
43 44
43 49
44 47
46 49
