10
100
10
1
5
0 6
0 25
0 36
0 46
0 59
0 77
0 78
0 81
0 93
1 3
1 5
1 6
1 67
1 80
2 6
2 16
2 29
2 39
2 44
2 56
2 97
3 19
3 28
3 33
3 51
3 68
3 81
4 13
4 18
4 21
4 22
4 29
4 30
4 32
4 36
4 51
4 55
4 60
4 75
4 76
4 94
4 96
5 18
5 25
5 28
5 34
5 36
5 39
5 50
5 58
5 59
5 76
5 78
5 82
5 93
6 10
6 15
6 28
6 40
6 60
6 83
6 85
7 36
7 59
7 75
7 78
7 97
8 15
8 16
8 22
8 36
8 57
8 72
8 84
8 87
8 93
9 27
9 39
9 53
9 59
9 81
9 87
10 11
10 18
10 28
10 32
10 36
10 55
10 69
10 88
11 39
11 42
11 43
11 44
11 48
11 65
11 68
11 82
11 99
12 27
12 38
12 39
12 51
12 79
12 86
12 87
12 90
13 14
13 26
13 38
13 57
13 68
13 72
13 98
14 21
14 24
14 49
14 55
14 57
14 67
14 68
14 73
14 76
14 81
15 27
15 57
15 70
15 77
15 87
15 98
16 20
16 24
16 41
16 52
16 81
17 18
17 30
17 31
17 36
17 39
17 52
17 56
17 60
17 69
17 92
17 94
17 96
17 99
18 21
18 28
18 38
18 43
18 45
18 69
18 70
18 79
18 93
19 21
19 24
19 36
19 44
19 88
19 99
20 24
20 33
20 36
20 49
20 97
21 31
21 49
21 55
21 57
21 59
21 66
21 67
21 74
21 79
21 82
21 84
22 28
22 32
22 40
22 58
22 59
22 65
22 69
22 72
22 82
22 94
22 99
23 24
23 47
23 61
23 62
23 96
24 37
24 43
24 47
24 57
24 62
24 90
24 95
24 98
25 72
25 85
25 86
25 88
25 90
25 91
25 92
25 96
25 98
26 27
26 32
26 40
26 44
26 59
26 63
26 66
26 67
26 86
26 90
26 93
26 94
27 28
27 50
27 57
27 62
27 65
27 72
27 84
28 29
28 37
28 39
28 54
28 59
28 64
28 66
28 71
28 73
28 88
28 89
29 32
29 37
29 40
29 46
29 57
29 67
29 68
29 71
29 73
29 78
29 85
29 90
30 50
30 54
30 61
30 81
30 82
30 84
30 85
30 98
31 39
31 50
31 62
31 73
31 87
31 93
32 51
32 54
32 55
32 60
32 82
32 96
32 97
33 48
33 53
33 74
33 85
33 94
34 35
34 39
34 40
34 64
34 77
34 78
34 81
34 93
34 98
35 41
35 43
35 46
35 54
35 67
35 82
35 93
36 55
36 59
36 60
36 69
36 72
37 40
37 49
37 53
37 73
37 84
37 91
38 47
38 66
38 67
38 71
38 80
38 89
39 92
39 94
39 95
39 98
40 42
40 49
40 67
40 78
40 82
40 84
41 48
41 50
41 55
41 69
41 79
41 86
41 90
42 60
42 61
42 64
42 68
42 76
42 87
43 44
43 50
43 53
43 54
43 63
43 74
43 91
43 99
44 57
44 60
44 90
45 56
45 74
45 82
45 83
46 51
46 67
46 68
46 90
47 51
47 63
47 65
47 70
47 73
48 50
48 53
48 72
49 51
49 63
49 64
49 89
49 90
50 52
50 55
50 72
50 79
50 83
51 59
51 64
51 80
51 92
52 56
52 70
52 71
52 96
52 99
53 86
53 92
53 97
54 61
54 73
54 77
54 86
54 90
54 99
55 63
55 72
56 67
56 70
56 73
56 87
56 93
57 66
57 81
57 85
57 97
58 73
58 82
58 84
58 90
58 93
58 95
58 98
59 62
59 73
59 89
59 90
60 63
60 65
61 71
61 83
62 70
62 72
62 75
62 82
62 83
62 97
63 69
63 77
63 90
63 97
64 89
65 86
65 89
67 69
67 88
67 96
68 70
68 71
68 76
68 89
68 98
69 71
69 79
69 82
70 83
70 84
70 95
70 99
71 76
71 80
71 97
72 83
72 91
72 92
73 76
73 89
74 89
74 91
74 93
75 81
75 88
75 91
76 78
76 83
76 90
76 91
77 79
77 85
77 93
77 99
78 97
79 84
79 88
80 91
81 82
81 94
81 96
81 99
82 90
83 86
83 89
83 90
83 97
84 88
84 90
84 95
85 86
86 92
86 98
87 88
88 97
90 95
90 98
90 99
91 92
92 95
94 97
95 99
96 99
