10
100
10
1
5
0 6
0 8
0 11
0 20
0 25
0 26
0 36
0 38
0 42
0 45
0 46
0 50
0 54
0 59
0 62
0 63
0 67
0 77
0 78
0 81
0 83
0 88
0 93
0 97
1 3
1 5
1 6
1 11
1 26
1 58
1 65
1 67
1 73
1 74
1 76
1 80
1 84
1 95
2 6
2 8
2 16
2 25
2 29
2 31
2 33
2 35
2 39
2 41
2 44
2 56
2 60
2 68
2 81
2 87
2 90
2 97
3 16
3 19
3 23
3 28
3 32
3 33
3 34
3 51
3 61
3 62
3 68
3 81
3 84
3 87
4 5
4 7
4 11
4 13
4 18
4 21
4 22
4 26
4 29
4 30
4 32
4 33
4 35
4 36
4 39
4 51
4 55
4 56
4 57
4 60
4 63
4 71
4 75
4 76
4 94
4 96
5 10
5 14
5 18
5 22
5 25
5 27
5 28
5 30
5 34
5 36
5 39
5 46
5 50
5 58
5 59
5 60
5 76
5 77
5 78
5 79
5 82
5 90
5 93
5 99
6 10
6 15
6 28
6 36
6 40
6 60
6 61
6 73
6 75
6 83
6 85
6 89
6 99
7 10
7 17
7 36
7 41
7 43
7 46
7 47
7 49
7 53
7 59
7 69
7 74
7 75
7 78
7 92
7 97
7 98
8 15
8 16
8 22
8 23
8 29
8 35
8 36
8 53
8 56
8 57
8 62
8 67
8 72
8 80
8 82
8 84
8 87
8 90
8 93
8 94
9 12
9 20
9 27
9 39
9 52
9 53
9 59
9 65
9 71
9 73
9 81
9 87
9 89
9 92
10 11
10 18
10 20
10 27
10 28
10 32
10 36
10 55
10 56
10 60
10 64
10 69
10 80
10 88
10 89
10 92
10 95
11 34
11 35
11 39
11 40
11 42
11 43
11 44
11 48
11 65
11 66
11 68
11 69
11 82
11 83
11 99
12 17
12 27
12 38
12 39
12 43
12 51
12 52
12 56
12 59
12 67
12 69
12 78
12 79
12 86
12 87
12 90
13 14
13 26
13 28
13 31
13 38
13 47
13 49
13 54
13 57
13 58
13 62
13 67
13 68
13 72
13 77
13 83
13 86
13 89
13 91
13 98
14 16
14 21
14 24
14 35
14 49
14 55
14 57
14 65
14 67
14 68
14 69
14 71
14 73
14 76
14 81
14 87
14 96
15 27
15 35
15 36
15 41
15 49
15 57
15 60
15 66
15 70
15 77
15 86
15 87
15 96
15 98
16 18
16 20
16 24
16 28
16 39
16 41
16 52
16 61
16 81
16 83
16 86
16 89
16 92
16 97
17 18
17 30
17 31
17 36
17 39
17 40
17 52
17 56
17 58
17 60
17 64
17 69
17 84
17 92
17 94
17 96
17 99
18 21
18 28
18 38
18 43
18 45
18 52
18 53
18 60
18 65
18 69
18 70
18 71
18 79
18 93
18 96
19 21
19 24
19 34
19 36
19 42
19 44
19 46
19 59
19 60
19 61
19 80
19 83
19 88
19 94
19 99
20 21
20 24
20 26
20 33
20 36
20 49
20 52
20 63
20 79
20 80
20 81
20 88
20 97
21 31
21 40
21 41
21 48
21 49
21 52
21 55
21 57
21 59
21 60
21 66
21 67
21 72
21 74
21 79
21 82
21 84
21 85
21 92
22 28
22 30
22 32
22 35
22 40
22 58
22 59
22 65
22 69
22 72
22 82
22 87
22 94
22 95
22 99
23 24
23 29
23 37
23 38
23 47
23 50
23 61
23 62
23 64
23 67
23 68
23 69
23 75
23 77
23 86
23 87
23 90
23 96
24 28
24 33
24 37
24 39
24 42
24 43
24 47
24 51
24 54
24 57
24 62
24 82
24 88
24 90
24 95
24 98
25 36
25 38
25 40
25 42
25 45
25 57
25 58
25 62
25 72
25 82
25 83
25 84
25 85
25 86
25 88
25 90
25 91
25 92
25 94
25 96
25 98
26 27
26 30
26 32
26 34
26 40
26 44
26 53
26 59
26 60
26 63
26 66
26 67
26 74
26 81
26 83
26 86
26 90
26 93
26 94
26 95
26 97
27 28
27 36
27 38
27 50
27 57
27 59
27 62
27 65
27 66
27 72
27 84
27 98
28 29
28 37
28 39
28 49
28 54
28 57
28 59
28 61
28 64
28 66
28 69
28 71
28 73
28 76
28 78
28 82
28 88
28 89
28 97
28 99
29 32
29 35
29 37
29 40
29 46
29 49
29 57
29 59
29 63
29 67
29 68
29 69
29 71
29 73
29 78
29 85
29 90
29 92
30 40
30 42
30 50
30 51
30 54
30 61
30 73
30 81
30 82
30 84
30 85
30 96
30 98
31 35
31 39
31 50
31 53
31 62
31 68
31 73
31 84
31 87
31 92
31 93
32 34
32 38
32 51
32 54
32 55
32 57
32 60
32 65
32 69
32 76
32 82
32 86
32 96
32 97
33 34
33 43
33 48
33 53
33 54
33 58
33 60
33 63
33 74
33 84
33 85
33 87
33 90
33 93
33 94
33 95
33 97
33 98
33 99
34 35
34 39
34 40
34 42
34 44
34 46
34 47
34 59
34 64
34 69
34 77
34 78
34 79
34 81
34 85
34 93
34 96
34 98
35 36
35 41
35 43
35 46
35 51
35 53
35 54
35 64
35 67
35 69
35 74
35 82
35 90
35 93
36 50
36 55
36 57
36 59
36 60
36 69
36 72
36 90
37 40
37 43
37 49
37 53
37 62
37 63
37 65
37 70
37 73
37 76
37 84
37 91
37 93
38 43
38 47
38 51
38 54
38 57
38 66
38 67
38 69
38 70
38 71
38 80
38 89
39 42
39 46
39 60
39 63
39 64
39 66
39 80
39 81
39 83
39 84
39 87
39 92
39 93
39 94
39 95
39 98
40 42
40 44
40 49
40 60
40 67
40 68
40 76
40 77
40 78
40 82
40 84
40 89
40 90
40 95
40 96
41 46
41 48
41 50
41 53
41 55
41 69
41 79
41 86
41 90
41 93
41 99
42 58
42 60
42 61
42 62
42 64
42 66
42 68
42 76
42 80
42 81
42 86
42 87
42 92
43 44
43 50
43 53
43 54
43 55
43 63
43 72
43 73
43 74
43 79
43 80
43 81
43 91
43 99
44 54
44 57
44 60
44 74
44 82
44 89
44 90
44 96
45 56
45 69
45 72
45 74
45 81
45 82
45 83
45 84
46 51
46 60
46 67
46 68
46 83
46 90
47 51
47 55
47 56
47 63
47 65
47 70
47 72
47 73
47 78
47 90
47 92
47 99
48 50
48 53
48 61
48 72
48 73
48 85
48 92
48 94
48 95
48 97
49 51
49 54
49 55
49 63
49 64
49 89
49 90
49 94
50 52
50 55
50 62
50 69
50 72
50 75
50 79
50 83
50 90
50 92
50 96
51 59
51 64
51 65
51 73
51 76
51 80
51 92
51 96
51 99
52 56
52 70
52 71
52 82
52 96
52 99
53 58
53 60
53 63
53 66
53 86
53 87
53 92
53 97
53 99
54 61
54 66
54 73
54 77
54 86
54 89
54 90
54 94
54 99
55 63
55 72
55 82
55 84
55 93
56 58
56 67
56 68
56 70
56 73
56 87
56 93
57 64
57 66
57 73
57 81
57 85
57 88
57 97
58 59
58 71
58 73
58 74
58 82
58 84
58 90
58 93
58 95
58 98
59 62
59 63
59 69
59 73
59 89
59 90
60 63
60 65
60 88
60 98
61 69
61 71
61 76
61 83
61 87
61 90
61 94
61 96
62 70
62 72
62 75
62 82
62 83
62 86
62 97
63 66
63 69
63 76
63 77
63 82
63 90
63 91
63 95
63 97
63 98
64 69
64 75
64 79
64 83
64 89
65 72
65 77
65 86
65 89
66 67
66 76
66 77
66 80
66 90
66 94
67 69
67 70
67 76
67 88
67 89
67 94
67 96
67 97
68 70
68 71
68 76
68 81
68 89
68 90
68 94
68 95
68 98
69 70
69 71
69 79
69 81
69 82
69 97
70 83
70 84
70 95
70 96
70 99
71 76
71 80
71 95
71 97
72 78
72 83
72 87
72 91
72 92
73 76
73 89
74 78
74 89
74 91
74 93
74 95
75 81
75 82
75 85
75 88
75 91
76 78
76 83
76 84
76 90
76 91
77 79
77 83
77 85
77 93
77 99
78 97
79 84
79 87
79 88
79 90
79 91
80 91
80 93
81 82
81 86
81 94
81 96
81 99
82 87
82 90
82 92
83 86
83 87
83 89
83 90
83 97
84 88
84 90
84 94
84 95
84 96
85 86
85 92
85 97
86 89
86 92
86 96
86 98
87 88
88 94
88 97
89 91
90 93
90 95
90 98
90 99
91 92
92 95
93 94
94 97
94 99
95 98
95 99
96 99
