10
100
10
1
5
0 1
0 6
0 8
0 11
0 18
0 20
0 21
0 22
0 23
0 25
0 26
0 36
0 38
0 42
0 45
0 46
0 47
0 49
0 50
0 54
0 55
0 56
0 58
0 59
0 62
0 63
0 65
0 67
0 68
0 71
0 72
0 77
0 78
0 81
0 82
0 83
0 85
0 87
0 88
0 89
0 93
0 94
0 97
1 2
1 3
1 5
1 6
1 11
1 15
1 20
1 26
1 27
1 29
1 33
1 38
1 39
1 47
1 48
1 51
1 55
1 56
1 58
1 64
1 65
1 67
1 70
1 73
1 74
1 76
1 79
1 80
1 84
1 92
1 95
1 96
1 98
2 3
2 4
2 6
2 8
2 10
2 12
2 16
2 25
2 26
2 27
2 29
2 31
2 33
2 35
2 38
2 39
2 41
2 44
2 46
2 53
2 54
2 55
2 56
2 57
2 59
2 60
2 65
2 66
2 68
2 71
2 77
2 78
2 79
2 81
2 87
2 89
2 90
2 92
2 95
2 97
3 4
3 6
3 9
3 10
3 12
3 16
3 18
3 19
3 20
3 21
3 23
3 26
3 28
3 29
3 30
3 32
3 33
3 34
3 37
3 39
3 41
3 51
3 52
3 57
3 58
3 61
3 62
3 65
3 68
3 77
3 81
3 84
3 87
3 88
3 89
3 91
3 96
4 5
4 7
4 11
4 13
4 14
4 15
4 18
4 19
4 21
4 22
4 23
4 25
4 26
4 27
4 29
4 30
4 32
4 33
4 35
4 36
4 39
4 42
4 44
4 45
4 51
4 55
4 56
4 57
4 59
4 60
4 61
4 62
4 63
4 70
4 71
4 72
4 75
4 76
4 78
4 79
4 82
4 85
4 87
4 93
4 94
4 96
4 97
4 98
4 99
5 7
5 10
5 14
5 17
5 18
5 21
5 22
5 23
5 24
5 25
5 26
5 27
5 28
5 30
5 34
5 36
5 38
5 39
5 46
5 48
5 49
5 50
5 52
5 53
5 58
5 59
5 60
5 64
5 68
5 72
5 76
5 77
5 78
5 79
5 82
5 89
5 90
5 93
5 96
5 98
5 99
6 10
6 12
6 15
6 17
6 18
6 23
6 24
6 27
6 28
6 31
6 36
6 37
6 40
6 42
6 44
6 46
6 47
6 60
6 61
6 63
6 64
6 68
6 73
6 75
6 78
6 80
6 83
6 85
6 89
6 98
6 99
7 10
7 17
7 18
7 24
7 27
7 32
7 34
7 35
7 36
7 41
7 43
7 46
7 47
7 49
7 51
7 53
7 57
7 58
7 59
7 65
7 69
7 70
7 71
7 72
7 74
7 75
7 76
7 78
7 79
7 81
7 82
7 88
7 92
7 97
7 98
8 12
8 15
8 16
8 22
8 23
8 26
8 28
8 29
8 35
8 36
8 40
8 47
8 49
8 50
8 52
8 53
8 54
8 56
8 57
8 60
8 62
8 65
8 67
8 72
8 74
8 78
8 79
8 80
8 82
8 84
8 86
8 87
8 89
8 90
8 91
8 93
8 94
9 12
9 16
9 18
9 20
9 21
9 24
9 27
9 29
9 30
9 36
9 39
9 42
9 43
9 45
9 47
9 49
9 52
9 53
9 54
9 58
9 59
9 61
9 65
9 69
9 71
9 73
9 81
9 84
9 86
9 87
9 89
9 91
9 92
9 93
9 95
9 96
10 11
10 15
10 16
10 18
10 19
10 20
10 27
10 28
10 32
10 34
10 36
10 37
10 41
10 42
10 44
10 48
10 49
10 54
10 55
10 56
10 58
10 60
10 63
10 64
10 69
10 75
10 77
10 78
10 80
10 86
10 88
10 89
10 92
10 94
10 95
11 12
11 14
11 18
11 19
11 24
11 29
11 31
11 33
11 34
11 35
11 38
11 39
11 40
11 42
11 43
11 44
11 45
11 46
11 48
11 55
11 59
11 65
11 66
11 68
11 69
11 70
11 71
11 74
11 75
11 77
11 82
11 83
11 92
11 94
11 95
11 96
11 97
11 99
12 14
12 15
12 17
12 27
12 38
12 39
12 43
12 46
12 49
12 51
12 52
12 56
12 57
12 59
12 61
12 65
12 66
12 67
12 69
12 70
12 76
12 78
12 79
12 86
12 87
12 89
12 90
12 92
13 14
13 15
13 16
13 17
13 20
13 26
13 28
13 31
13 32
13 35
13 38
13 44
13 45
13 47
13 48
13 49
13 54
13 56
13 57
13 58
13 62
13 67
13 68
13 72
13 73
13 77
13 79
13 83
13 86
13 89
13 91
13 92
13 96
13 97
13 98
14 16
14 17
14 21
14 24
14 29
14 31
14 35
14 39
14 45
14 49
14 51
14 52
14 55
14 56
14 57
14 58
14 61
14 62
14 63
14 64
14 65
14 67
14 68
14 69
14 71
14 73
14 75
14 76
14 78
14 81
14 87
14 88
14 90
14 91
14 95
14 96
15 17
15 18
15 27
15 34
15 35
15 36
15 38
15 40
15 41
15 44
15 45
15 49
15 51
15 56
15 57
15 60
15 63
15 64
15 66
15 67
15 68
15 69
15 70
15 74
15 75
15 77
15 78
15 83
15 86
15 87
15 92
15 96
15 98
16 17
16 18
16 20
16 21
16 24
16 28
16 32
16 34
16 37
16 39
16 41
16 46
16 47
16 50
16 52
16 53
16 54
16 61
16 66
16 68
16 69
16 74
16 76
16 81
16 83
16 84
16 86
16 89
16 90
16 91
16 92
16 97
16 98
17 18
17 24
17 26
17 30
17 31
17 34
17 36
17 39
17 40
17 46
17 47
17 52
17 53
17 55
17 56
17 58
17 60
17 61
17 62
17 63
17 64
17 69
17 71
17 74
17 75
17 80
17 83
17 84
17 86
17 88
17 92
17 93
17 94
17 96
17 99
18 21
18 22
18 25
18 26
18 28
18 31
18 38
18 42
18 43
18 45
18 51
18 52
18 53
18 55
18 57
18 59
18 60
18 63
18 65
18 66
18 69
18 70
18 71
18 72
18 74
18 76
18 79
18 89
18 91
18 92
18 93
18 94
18 96
18 97
19 20
19 21
19 24
19 25
19 26
19 34
19 36
19 39
19 42
19 43
19 44
19 46
19 53
19 55
19 59
19 60
19 61
19 66
19 68
19 71
19 80
19 81
19 83
19 84
19 85
19 88
19 92
19 94
19 96
19 99
20 21
20 24
20 25
20 26
20 27
20 33
20 36
20 37
20 40
20 46
20 49
20 50
20 52
20 58
20 59
20 60
20 63
20 74
20 76
20 79
20 80
20 81
20 88
20 90
20 97
21 25
21 27
21 30
21 31
21 40
21 41
21 42
21 44
21 48
21 49
21 52
21 55
21 57
21 59
21 60
21 63
21 66
21 67
21 72
21 74
21 77
21 78
21 79
21 82
21 84
21 85
21 92
21 95
21 96
21 97
21 99
22 28
22 30
22 32
22 34
22 35
22 39
22 40
22 43
22 48
22 49
22 54
22 55
22 58
22 59
22 63
22 65
22 69
22 72
22 77
22 78
22 79
22 80
22 82
22 85
22 87
22 93
22 94
22 95
22 99
23 24
23 29
23 31
23 35
23 37
23 38
23 42
23 44
23 45
23 47
23 50
23 55
23 58
23 59
23 61
23 62
23 64
23 67
23 68
23 69
23 70
23 72
23 75
23 77
23 79
23 83
23 84
23 86
23 87
23 90
23 92
23 94
23 96
23 99
24 25
24 28
24 29
24 32
24 33
24 37
24 39
24 42
24 43
24 46
24 47
24 51
24 54
24 57
24 62
24 69
24 70
24 74
24 80
24 82
24 85
24 88
24 90
24 91
24 92
24 94
24 95
24 98
25 31
25 36
25 37
25 38
25 40
25 41
25 42
25 45
25 49
25 51
25 57
25 58
25 62
25 63
25 66
25 72
25 76
25 82
25 83
25 84
25 85
25 86
25 88
25 90
25 91
25 92
25 93
25 94
25 96
25 98
26 27
26 28
26 30
26 32
26 34
26 40
26 43
26 44
26 48
26 49
26 51
26 53
26 54
26 55
26 58
26 59
26 60
26 61
26 63
26 66
26 67
26 74
26 77
26 78
26 80
26 81
26 83
26 86
26 89
26 90
26 91
26 93
26 94
26 95
26 97
26 99
27 28
27 29
27 31
27 32
27 35
27 36
27 37
27 38
27 41
27 47
27 50
27 51
27 52
27 57
27 59
27 62
27 65
27 66
27 72
27 79
27 84
27 91
27 95
27 98
28 29
28 34
28 35
28 37
28 39
28 40
28 46
28 49
28 51
28 54
28 56
28 57
28 58
28 59
28 60
28 61
28 62
28 64
28 66
28 69
28 70
28 71
28 73
28 74
28 75
28 76
28 77
28 78
28 81
28 82
28 87
28 88
28 89
28 90
28 97
28 99
29 31
29 32
29 35
29 37
29 40
29 46
29 47
29 49
29 51
29 53
29 56
29 57
29 59
29 61
29 63
29 64
29 65
29 66
29 67
29 68
29 69
29 71
29 73
29 75
29 78
29 80
29 85
29 88
29 90
29 92
29 96
29 97
29 99
30 31
30 40
30 42
30 46
30 50
30 51
30 53
30 54
30 55
30 57
30 61
30 64
30 67
30 72
30 73
30 76
30 77
30 81
30 82
30 84
30 85
30 86
30 88
30 92
30 94
30 96
30 97
30 98
31 32
31 35
31 36
31 38
31 39
31 41
31 44
31 46
31 49
31 50
31 53
31 56
31 57
31 62
31 64
31 68
31 69
31 73
31 75
31 79
31 80
31 82
31 83
31 84
31 86
31 87
31 89
31 92
31 93
32 34
32 38
32 49
32 51
32 52
32 54
32 55
32 57
32 59
32 60
32 63
32 65
32 66
32 67
32 68
32 69
32 72
32 76
32 82
32 86
32 87
32 88
32 91
32 96
32 97
33 34
33 38
33 39
33 42
33 43
33 47
33 48
33 49
33 52
33 53
33 54
33 58
33 60
33 63
33 65
33 66
33 68
33 72
33 74
33 75
33 81
33 84
33 85
33 86
33 87
33 90
33 91
33 93
33 94
33 95
33 97
33 98
33 99
34 35
34 38
34 39
34 40
34 41
34 42
34 44
34 45
34 46
34 47
34 52
34 59
34 64
34 67
34 69
34 77
34 78
34 79
34 81
34 85
34 91
34 93
34 96
34 98
35 36
35 37
35 38
35 40
35 41
35 43
35 46
35 49
35 51
35 52
35 53
35 54
35 57
35 58
35 61
35 64
35 67
35 69
35 73
35 74
35 82
35 83
35 88
35 90
35 91
35 93
35 95
35 96
36 43
36 46
36 50
36 55
36 57
36 59
36 60
36 63
36 65
36 69
36 72
36 75
36 79
36 90
36 95
37 40
37 43
37 44
37 45
37 48
37 49
37 51
37 53
37 56
37 58
37 62
37 63
37 65
37 66
37 70
37 73
37 74
37 75
37 76
37 78
37 80
37 83
37 84
37 85
37 86
37 89
37 91
37 93
37 94
37 96
37 97
37 98
38 41
38 42
38 43
38 47
38 50
38 51
38 54
38 56
38 57
38 58
38 64
38 66
38 67
38 69
38 70
38 71
38 77
38 80
38 85
38 86
38 89
38 93
38 96
38 97
39 42
39 46
39 51
39 54
39 55
39 56
39 58
39 60
39 62
39 63
39 64
39 66
39 69
39 80
39 81
39 82
39 83
39 84
39 87
39 88
39 89
39 92
39 93
39 94
39 95
39 98
40 41
40 42
40 44
40 49
40 51
40 54
40 57
40 60
40 65
40 67
40 68
40 69
40 71
40 76
40 77
40 78
40 80
40 82
40 84
40 87
40 89
40 90
40 93
40 95
40 96
40 97
40 99
41 42
41 46
41 48
41 50
41 53
41 55
41 58
41 61
41 63
41 68
41 69
41 72
41 75
41 79
41 80
41 86
41 87
41 88
41 90
41 92
41 93
41 99
42 45
42 46
42 48
42 50
42 52
42 56
42 58
42 60
42 61
42 62
42 64
42 66
42 68
42 76
42 80
42 81
42 83
42 84
42 86
42 87
42 90
42 92
42 96
43 44
43 45
43 47
43 50
43 53
43 54
43 55
43 63
43 64
43 72
43 73
43 74
43 75
43 76
43 78
43 79
43 80
43 81
43 86
43 87
43 91
43 99
44 49
44 54
44 56
44 57
44 58
44 60
44 62
44 67
44 74
44 82
44 83
44 84
44 87
44 89
44 90
44 91
44 94
44 96
45 55
45 56
45 65
45 67
45 69
45 71
45 72
45 73
45 74
45 81
45 82
45 83
45 84
45 87
45 94
46 49
46 51
46 54
46 56
46 60
46 61
46 62
46 64
46 66
46 67
46 68
46 69
46 70
46 75
46 78
46 80
46 81
46 82
46 83
46 90
46 96
47 48
47 51
47 52
47 53
47 54
47 55
47 56
47 57
47 60
47 63
47 64
47 65
47 67
47 68
47 70
47 72
47 73
47 78
47 90
47 92
47 99
48 50
48 53
48 54
48 58
48 61
48 65
48 67
48 72
48 73
48 79
48 83
48 84
48 85
48 92
48 94
48 95
48 97
49 50
49 51
49 53
49 54
49 55
49 57
49 58
49 60
49 63
49 64
49 66
49 70
49 72
49 78
49 81
49 89
49 90
49 93
49 94
49 97
50 52
50 53
50 54
50 55
50 56
50 57
50 58
50 59
50 60
50 62
50 67
50 69
50 72
50 75
50 79
50 82
50 83
50 86
50 90
50 91
50 92
50 96
50 97
50 98
51 54
51 59
51 60
51 64
51 65
51 70
51 72
51 73
51 76
51 80
51 82
51 83
51 87
51 91
51 92
51 96
51 99
52 56
52 57
52 58
52 62
52 68
52 69
52 70
52 71
52 82
52 96
52 99
53 58
53 59
53 60
53 63
53 66
53 71
53 75
53 79
53 82
53 86
53 87
53 90
53 92
53 94
53 97
53 99
54 55
54 58
54 61
54 64
54 66
54 67
54 71
54 73
54 77
54 80
54 86
54 87
54 89
54 90
54 94
54 99
55 56
55 58
55 61
55 62
55 63
55 65
55 71
55 72
55 75
55 78
55 82
55 83
55 84
55 92
55 93
55 96
55 99
56 58
56 63
56 67
56 68
56 70
56 73
56 77
56 79
56 81
56 84
56 86
56 87
56 93
56 98
57 58
57 59
57 60
57 64
57 66
57 69
57 70
57 73
57 76
57 79
57 81
57 85
57 87
57 88
57 89
57 90
57 93
57 96
57 97
58 59
58 60
58 63
58 66
58 67
58 70
58 71
58 73
58 74
58 81
58 82
58 83
58 84
58 85
58 88
58 90
58 93
58 95
58 98
59 60
59 62
59 63
59 66
59 69
59 70
59 72
59 73
59 76
59 78
59 84
59 86
59 87
59 89
59 90
59 91
59 93
60 61
60 63
60 65
60 71
60 72
60 73
60 75
60 79
60 80
60 88
60 89
60 90
60 92
60 94
60 96
60 98
60 99
61 69
61 71
61 76
61 77
61 78
61 79
61 83
61 86
61 87
61 88
61 90
61 94
61 95
61 96
62 70
62 72
62 73
62 75
62 82
62 83
62 86
62 87
62 91
62 96
62 97
63 66
63 68
63 69
63 70
63 74
63 76
63 77
63 79
63 81
63 82
63 88
63 90
63 91
63 95
63 97
63 98
64 66
64 69
64 72
64 75
64 77
64 78
64 79
64 83
64 85
64 86
64 88
64 89
64 90
65 67
65 72
65 77
65 82
65 86
65 89
65 94
65 96
65 97
65 99
66 67
66 69
66 72
66 74
66 76
66 77
66 80
66 82
66 86
66 90
66 94
66 95
66 96
67 69
67 70
67 74
67 76
67 77
67 82
67 88
67 89
67 91
67 94
67 96
67 97
68 70
68 71
68 73
68 76
68 77
68 81
68 85
68 88
68 89
68 90
68 94
68 95
68 98
69 70
69 71
69 74
69 75
69 77
69 79
69 81
69 82
69 84
69 90
69 92
69 97
69 98
70 72
70 80
70 83
70 84
70 86
70 89
70 90
70 95
70 96
70 97
70 99
71 75
71 76
71 79
71 80
71 84
71 86
71 92
71 94
71 95
71 97
71 98
71 99
72 77
72 78
72 82
72 83
72 86
72 87
72 89
72 91
72 92
72 97
73 74
73 76
73 77
73 81
73 85
73 87
73 89
73 91
73 97
73 99
74 77
74 78
74 80
74 88
74 89
74 91
74 92
74 93
74 95
75 77
75 79
75 81
75 82
75 85
75 87
75 88
75 91
75 95
75 97
76 77
76 78
76 83
76 84
76 87
76 88
76 90
76 91
77 79
77 80
77 81
77 83
77 85
77 86
77 88
77 91
77 93
77 94
77 95
77 99
78 79
78 81
78 82
78 97
78 99
79 80
79 83
79 84
79 85
79 87
79 88
79 89
79 90
79 91
79 92
79 98
80 81
80 83
80 86
80 88
80 91
80 93
80 95
80 98
80 99
81 82
81 86
81 87
81 93
81 94
81 96
81 99
82 84
82 87
82 88
82 90
82 91
82 92
82 96
83 86
83 87
83 88
83 89
83 90
83 93
83 97
84 88
84 89
84 90
84 94
84 95
84 96
84 99
85 86
85 89
85 91
85 92
85 93
85 95
85 97
86 87
86 89
86 92
86 94
86 96
86 98
87 88
87 90
87 94
87 96
88 90
88 91
88 94
88 97
89 90
89 91
89 92
89 93
89 96
89 97
89 99
90 93
90 95
90 96
90 98
90 99
91 92
92 93
92 95
92 96
92 98
92 99
93 94
93 99
94 96
94 97
94 99
95 96
95 98
95 99
96 98
96 99
