7
70
10
1
5
0 15
0 23
0 24
0 25
0 28
0 33
0 37
0 44
0 52
0 57
0 65
0 66
0 69
1 4
1 6
1 22
1 24
1 28
1 30
1 32
1 35
1 38
1 39
1 42
1 49
1 54
1 60
1 64
1 65
1 69
2 8
2 9
2 11
2 14
2 16
2 26
2 32
2 40
2 45
2 47
2 49
2 51
2 54
2 58
2 60
2 66
3 7
3 26
3 38
3 39
3 42
3 45
3 49
3 51
3 64
3 68
4 5
4 8
4 11
4 13
4 14
4 17
4 18
4 23
4 24
4 26
4 27
4 28
4 33
4 35
4 40
4 41
4 42
4 47
4 49
4 53
4 58
4 64
5 10
5 12
5 17
5 18
5 26
5 31
5 37
5 49
5 57
5 66
6 30
6 34
6 41
6 43
6 46
6 52
6 55
6 61
6 67
7 13
7 16
7 24
7 32
7 38
7 41
7 48
7 62
7 68
7 69
8 9
8 19
8 28
8 33
8 36
8 39
8 63
9 10
9 17
9 19
9 25
9 31
9 32
9 37
9 39
9 43
9 47
9 62
9 66
9 68
10 19
10 23
10 24
10 36
10 38
10 41
10 43
10 44
10 45
10 48
10 50
10 52
10 55
10 58
10 64
10 68
11 17
11 24
11 29
11 30
11 31
11 35
11 42
11 46
11 56
11 59
11 64
11 65
11 67
12 13
12 15
12 30
12 32
12 35
12 39
12 46
12 52
12 55
12 59
12 60
12 62
12 66
12 69
13 17
13 21
13 23
13 50
13 56
13 58
13 59
13 62
13 64
13 66
14 18
14 20
14 35
14 37
14 39
14 46
14 57
14 60
14 62
14 63
15 17
15 23
15 24
15 26
15 31
15 40
15 50
15 52
16 20
16 28
16 30
16 33
16 41
16 42
16 44
16 51
16 62
17 23
17 32
17 34
17 36
17 37
17 41
17 42
17 46
17 60
17 66
18 20
18 22
18 27
18 28
18 29
18 49
18 51
18 61
18 63
18 67
19 21
19 26
19 28
19 31
19 42
19 49
19 57
19 60
19 67
20 26
20 28
20 32
20 34
20 37
20 38
20 39
20 43
20 58
20 63
20 64
21 24
21 32
21 39
21 43
21 47
21 50
21 63
21 66
22 44
22 49
22 52
22 57
22 58
22 63
23 25
23 27
23 29
23 30
23 31
23 36
23 44
23 50
23 53
23 62
23 69
24 28
24 31
24 32
24 37
24 39
24 40
24 45
24 53
24 59
24 60
25 26
25 28
25 34
25 37
25 46
25 52
25 69
26 28
26 30
26 37
26 39
26 40
26 48
26 51
26 57
26 68
27 30
27 35
27 46
27 50
27 55
27 58
27 62
27 69
28 29
28 31
28 35
28 44
28 49
28 50
28 62
28 65
28 66
29 31
29 32
29 34
29 40
29 47
29 52
29 53
29 58
29 64
30 39
30 51
30 56
30 58
30 61
30 65
30 68
31 32
31 33
31 36
31 37
31 47
31 55
31 57
31 67
32 34
32 39
32 47
32 51
32 58
32 60
32 61
33 34
33 37
33 44
33 45
33 47
33 51
33 53
33 55
33 57
33 69
34 35
34 40
34 50
34 57
34 67
34 68
35 36
35 37
35 39
35 40
35 48
35 56
35 59
35 62
35 68
35 69
36 37
36 40
36 43
36 55
36 57
36 62
37 39
37 48
37 54
37 59
37 65
37 67
37 68
38 43
38 45
38 52
38 56
38 67
38 68
39 41
39 46
39 54
39 57
39 61
40 46
40 49
40 56
40 57
40 59
40 62
40 64
40 65
40 66
41 50
41 51
41 55
41 64
41 65
42 49
42 50
42 57
42 66
43 45
43 46
43 48
43 53
43 56
43 63
44 48
44 54
44 56
44 59
44 61
45 48
45 54
45 57
45 62
46 51
46 53
46 60
46 65
46 66
47 53
47 57
47 58
47 60
47 61
47 69
48 55
48 58
49 54
49 58
49 61
49 67
49 68
50 52
50 56
50 61
50 63
50 65
50 66
51 54
51 59
51 63
52 66
52 67
52 68
53 58
54 57
54 63
54 65
54 66
55 58
55 65
56 59
56 60
56 64
56 65
56 67
57 61
57 68
58 61
58 63
58 65
59 61
59 64
59 67
59 69
63 66
63 67
65 68
66 67
