7
70
10
1
5
0 2
0 4
0 10
0 13
0 15
0 18
0 23
0 24
0 25
0 26
0 28
0 31
0 32
0 33
0 37
0 44
0 45
0 47
0 52
0 54
0 55
0 57
0 58
0 60
0 63
0 65
0 66
0 69
1 3
1 4
1 6
1 15
1 21
1 22
1 24
1 26
1 27
1 28
1 29
1 30
1 32
1 33
1 35
1 36
1 38
1 39
1 42
1 49
1 51
1 52
1 54
1 56
1 59
1 60
1 62
1 63
1 64
1 65
1 68
1 69
2 5
2 6
2 8
2 9
2 11
2 13
2 14
2 16
2 26
2 28
2 32
2 37
2 40
2 42
2 45
2 47
2 48
2 49
2 50
2 51
2 52
2 53
2 54
2 55
2 58
2 60
2 66
2 68
3 7
3 16
3 23
3 25
3 26
3 27
3 38
3 39
3 40
3 42
3 43
3 44
3 45
3 49
3 50
3 51
3 57
3 60
3 62
3 64
3 68
4 5
4 7
4 8
4 11
4 13
4 14
4 17
4 18
4 19
4 21
4 23
4 24
4 26
4 27
4 28
4 32
4 33
4 35
4 39
4 40
4 41
4 42
4 44
4 46
4 47
4 49
4 53
4 56
4 57
4 58
4 61
4 63
4 64
4 65
4 66
5 7
5 10
5 12
5 17
5 18
5 26
5 31
5 33
5 35
5 37
5 39
5 42
5 49
5 51
5 52
5 57
5 64
5 65
5 66
6 10
6 21
6 27
6 29
6 30
6 32
6 34
6 36
6 37
6 40
6 41
6 43
6 44
6 45
6 46
6 52
6 53
6 55
6 58
6 61
6 63
6 65
6 67
7 11
7 13
7 15
7 16
7 20
7 23
7 24
7 25
7 26
7 30
7 32
7 36
7 38
7 41
7 42
7 45
7 48
7 58
7 60
7 62
7 63
7 64
7 68
7 69
8 9
8 10
8 14
8 19
8 20
8 23
8 28
8 30
8 32
8 33
8 36
8 37
8 39
8 40
8 53
8 54
8 55
8 63
9 10
9 11
9 13
9 15
9 17
9 19
9 24
9 25
9 29
9 31
9 32
9 37
9 39
9 40
9 41
9 43
9 47
9 52
9 54
9 57
9 60
9 62
9 63
9 66
9 67
9 68
10 19
10 20
10 23
10 24
10 31
10 36
10 38
10 39
10 41
10 43
10 44
10 45
10 46
10 48
10 50
10 51
10 52
10 53
10 55
10 57
10 58
10 59
10 60
10 62
10 64
10 65
10 68
11 17
11 19
11 24
11 25
11 29
11 30
11 31
11 35
11 42
11 45
11 46
11 56
11 59
11 64
11 65
11 67
11 69
12 13
12 15
12 27
12 28
12 29
12 30
12 32
12 35
12 37
12 38
12 39
12 46
12 52
12 54
12 55
12 59
12 60
12 62
12 64
12 66
12 69
13 17
13 21
13 23
13 24
13 25
13 27
13 29
13 30
13 33
13 35
13 37
13 39
13 46
13 48
13 50
13 54
13 56
13 57
13 58
13 59
13 60
13 62
13 64
13 66
13 67
14 16
14 18
14 20
14 26
14 27
14 29
14 35
14 37
14 39
14 41
14 42
14 43
14 46
14 47
14 49
14 50
14 51
14 54
14 55
14 57
14 59
14 60
14 62
14 63
14 68
15 17
15 19
15 23
15 24
15 26
15 31
15 32
15 40
15 48
15 49
15 50
15 52
15 54
15 56
15 58
15 61
16 19
16 20
16 26
16 28
16 30
16 31
16 33
16 35
16 37
16 39
16 41
16 42
16 44
16 50
16 51
16 54
16 55
16 56
16 62
16 64
16 66
17 18
17 20
17 23
17 27
17 32
17 34
17 36
17 37
17 40
17 41
17 42
17 46
17 48
17 53
17 57
17 58
17 60
17 62
17 66
18 20
18 22
18 27
18 28
18 29
18 30
18 36
18 39
18 42
18 43
18 46
18 49
18 51
18 52
18 53
18 55
18 56
18 57
18 59
18 61
18 63
18 67
19 21
19 23
19 24
19 26
19 28
19 31
19 33
19 34
19 36
19 38
19 39
19 40
19 42
19 43
19 47
19 49
19 51
19 56
19 57
19 58
19 59
19 60
19 61
19 64
19 67
19 68
20 26
20 27
20 28
20 30
20 31
20 32
20 34
20 37
20 38
20 39
20 40
20 41
20 42
20 43
20 45
20 46
20 49
20 51
20 54
20 58
20 59
20 63
20 64
20 66
20 68
21 22
21 24
21 25
21 28
21 30
21 32
21 39
21 43
21 46
21 47
21 48
21 50
21 58
21 63
21 65
21 66
22 27
22 32
22 33
22 35
22 37
22 40
22 44
22 49
22 52
22 56
22 57
22 58
22 61
22 63
22 68
23 25
23 26
23 27
23 29
23 30
23 31
23 35
23 36
23 37
23 38
23 41
23 44
23 50
23 51
23 53
23 55
23 58
23 62
23 63
23 66
23 67
23 69
24 28
24 31
24 32
24 34
24 36
24 37
24 39
24 40
24 41
24 43
24 44
24 45
24 46
24 47
24 52
24 53
24 56
24 59
24 60
24 61
24 66
25 26
25 28
25 31
25 34
25 36
25 37
25 38
25 40
25 46
25 47
25 52
25 63
25 64
25 69
26 28
26 30
26 33
26 37
26 39
26 40
26 48
26 50
26 51
26 57
26 62
26 63
26 64
26 68
27 28
27 30
27 32
27 34
27 35
27 36
27 40
27 46
27 47
27 50
27 53
27 54
27 55
27 57
27 58
27 59
27 62
27 68
27 69
28 29
28 31
28 33
28 35
28 38
28 42
28 44
28 46
28 49
28 50
28 55
28 62
28 65
28 66
29 31
29 32
29 33
29 34
29 35
29 40
29 41
29 42
29 47
29 49
29 52
29 53
29 55
29 58
29 62
29 64
29 66
30 33
30 35
30 38
30 39
30 49
30 51
30 56
30 58
30 60
30 61
30 62
30 65
30 68
30 69
31 32
31 33
31 36
31 37
31 41
31 45
31 47
31 50
31 51
31 52
31 53
31 55
31 57
31 65
31 67
31 69
32 34
32 36
32 38
32 39
32 42
32 47
32 50
32 51
32 52
32 54
32 55
32 58
32 60
32 61
32 64
32 66
32 67
33 34
33 37
33 43
33 44
33 45
33 47
33 49
33 51
33 53
33 54
33 55
33 57
33 59
33 64
33 67
33 69
34 35
34 40
34 41
34 49
34 50
34 51
34 53
34 57
34 58
34 60
34 67
34 68
35 36
35 37
35 39
35 40
35 41
35 44
35 48
35 50
35 56
35 59
35 61
35 62
35 64
35 67
35 68
35 69
36 37
36 40
36 43
36 45
36 48
36 55
36 57
36 62
36 67
36 69
37 39
37 42
37 45
37 48
37 53
37 54
37 58
37 59
37 61
37 62
37 64
37 65
37 66
37 67
37 68
37 69
38 39
38 40
38 43
38 45
38 49
38 51
38 52
38 54
38 56
38 57
38 58
38 60
38 65
38 66
38 67
38 68
38 69
39 41
39 42
39 46
39 48
39 54
39 57
39 61
39 64
39 67
40 46
40 49
40 56
40 57
40 59
40 61
40 62
40 64
40 65
40 66
41 42
41 44
41 46
41 50
41 51
41 52
41 55
41 57
41 60
41 63
41 64
41 65
41 66
42 44
42 45
42 49
42 50
42 54
42 55
42 57
42 58
42 60
42 61
42 66
42 67
43 45
43 46
43 47
43 48
43 53
43 56
43 57
43 63
43 64
43 65
43 66
43 67
44 48
44 50
44 51
44 54
44 55
44 56
44 59
44 61
44 62
44 64
44 65
44 68
45 48
45 52
45 54
45 57
45 59
45 62
45 63
45 69
46 50
46 51
46 53
46 55
46 58
46 60
46 61
46 62
46 64
46 65
46 66
47 53
47 57
47 58
47 59
47 60
47 61
47 62
47 69
48 52
48 55
48 57
48 58
48 61
48 63
48 64
49 54
49 58
49 61
49 62
49 65
49 67
49 68
50 51
50 52
50 53
50 56
50 57
50 58
50 61
50 63
50 65
50 66
50 69
51 53
51 54
51 59
51 63
52 55
52 59
52 66
52 67
52 68
53 54
53 56
53 58
53 60
53 61
54 55
54 57
54 62
54 63
54 65
54 66
54 69
55 58
55 65
56 57
56 58
56 59
56 60
56 62
56 64
56 65
56 66
56 67
56 69
57 61
57 68
58 61
58 63
58 65
58 67
58 69
59 61
59 64
59 66
59 67
59 68
59 69
60 61
60 69
61 62
61 64
61 69
63 65
63 66
63 67
63 68
64 65
64 67
64 68
64 69
65 66
65 68
66 67
66 69
