7
70
10
1
5
0 23
0 25
0 52
0 57
0 65
0 69
1 30
1 35
1 38
1 54
1 60
2 8
2 9
2 11
2 16
2 26
2 40
2 45
2 47
2 49
2 51
2 58
2 60
2 66
3 7
3 26
3 38
3 39
3 51
3 68
4 11
4 14
4 18
4 24
4 28
4 40
4 47
4 49
4 53
4 58
4 64
5 18
5 31
5 37
5 57
5 66
6 34
6 41
6 46
6 61
6 67
7 32
7 38
7 48
7 62
8 9
8 28
8 36
8 39
8 63
9 10
9 19
9 25
9 31
9 32
9 47
10 19
10 23
10 24
10 36
10 38
10 41
10 44
10 52
10 64
11 17
11 30
11 35
11 56
11 59
11 65
12 13
12 30
12 32
12 35
12 39
12 55
12 59
12 60
12 66
13 17
13 23
13 56
13 58
13 59
13 62
14 37
14 57
14 62
14 63
15 17
15 23
15 26
15 52
16 20
16 42
17 34
17 36
17 42
17 60
18 22
18 28
18 29
18 51
18 63
18 67
19 26
19 31
19 42
19 49
19 60
20 34
20 39
20 43
20 58
20 63
21 24
21 32
21 50
21 63
22 44
22 49
22 57
22 58
22 63
23 25
23 36
23 53
24 28
24 37
24 39
24 40
24 60
25 26
25 52
26 28
26 30
26 39
26 40
26 51
26 68
27 46
28 29
28 31
28 35
28 44
28 62
28 65
28 66
29 31
29 32
29 34
29 47
29 53
29 64
30 39
30 56
30 58
30 61
31 33
31 36
31 37
31 67
32 34
32 39
32 60
33 34
33 47
33 55
33 69
34 35
34 50
35 36
35 37
35 48
35 59
35 69
36 43
36 62
37 39
37 48
37 59
37 65
37 68
38 45
38 68
39 46
39 54
39 61
40 59
40 62
40 65
43 45
43 46
43 53
43 56
44 48
44 54
44 56
44 59
44 61
45 48
45 54
46 53
46 66
47 57
47 58
47 60
47 69
49 58
49 61
49 67
50 61
50 65
50 66
51 54
51 63
52 66
52 68
54 63
54 65
55 65
56 59
56 64
56 67
57 61
58 61
58 63
59 61
59 64
59 69
66 67
