3
30
5
1
5
0 1
0 4
0 5
0 6
0 12
0 14
0 15
0 16
0 18
0 19
0 21
0 23
0 24
0 25
0 26
0 27
1 2
1 5
1 7
1 9
1 14
1 15
1 16
1 19
1 20
1 21
1 22
1 24
1 25
1 26
2 7
2 9
2 10
2 13
2 16
2 17
2 18
2 19
2 20
2 26
2 29
3 5
3 9
3 10
3 11
3 13
3 14
3 17
3 18
3 20
3 21
3 26
3 29
4 6
4 10
4 11
4 14
4 15
4 17
4 22
4 24
4 26
4 27
4 28
4 29
5 6
5 8
5 11
5 12
5 14
5 17
5 18
5 19
5 21
5 22
5 26
5 28
5 29
6 7
6 8
6 9
6 10
6 12
6 15
6 16
6 17
6 18
6 20
6 21
6 23
6 24
7 8
7 9
7 11
7 13
7 14
7 18
7 19
7 21
7 25
7 27
7 29
8 9
8 10
8 11
8 12
8 13
8 14
8 15
8 16
8 20
8 23
8 24
8 25
8 28
9 10
9 12
9 13
9 14
9 16
9 18
9 21
9 27
9 29
10 11
10 13
10 14
10 15
10 17
10 19
10 21
10 22
10 26
10 27
10 29
11 12
11 13
11 17
11 19
11 20
11 22
11 27
11 28
12 13
12 14
12 15
12 16
12 17
12 18
12 20
12 22
12 25
12 27
12 29
13 14
13 15
13 16
13 17
13 18
13 19
13 25
13 29
14 16
14 19
14 21
14 27
14 28
14 29
15 17
15 19
15 24
15 25
15 27
15 29
16 22
16 23
16 27
16 28
16 29
17 18
17 19
17 20
17 21
17 23
17 24
17 25
17 26
17 28
18 19
18 21
18 22
18 26
19 20
19 22
19 24
19 29
20 24
20 25
20 26
20 29
21 22
21 26
21 28
21 29
22 23
22 26
22 28
22 29
23 24
23 25
24 25
24 28
24 29
25 27
26 27
27 28
27 29
28 29
