3
30
5
1
5
0 1
0 4
0 5
0 6
0 12
0 14
0 18
0 23
0 26
1 5
1 9
1 15
1 16
1 20
1 22
1 24
1 25
1 26
2 7
2 9
2 13
2 17
2 18
2 20
2 29
3 9
3 10
3 11
3 14
3 17
3 20
3 21
3 26
3 29
4 6
4 14
4 15
4 24
4 26
4 28
4 29
5 6
5 12
5 17
5 21
5 22
5 26
5 28
5 29
6 7
6 8
6 12
6 15
6 16
6 17
6 21
6 23
7 9
7 14
7 18
7 21
7 25
7 27
7 29
8 11
8 12
8 14
8 16
8 23
8 24
8 25
9 10
9 16
9 18
9 27
10 11
10 13
10 14
10 15
10 21
10 22
10 26
11 19
11 22
11 27
12 13
12 14
12 15
12 16
12 17
12 18
12 27
12 29
13 14
13 15
13 16
13 17
13 18
14 16
14 19
14 27
14 28
14 29
15 24
15 29
16 22
16 23
16 27
16 29
17 21
17 25
17 26
17 28
18 19
18 26
19 20
19 22
19 29
20 25
20 26
20 29
21 26
21 28
21 29
22 26
22 28
23 25
24 29
25 27
27 29
28 29
