8
80
10
1
5
0 3
0 6
0 7
0 8
0 10
0 11
0 13
0 14
0 15
0 16
0 18
0 22
0 24
0 25
0 26
0 28
0 30
0 35
0 37
0 40
0 41
0 42
0 43
0 45
0 48
0 52
0 53
0 55
0 59
0 62
0 66
0 67
0 68
0 69
0 70
0 71
0 78
1 2
1 8
1 14
1 15
1 16
1 19
1 20
1 23
1 24
1 29
1 30
1 31
1 33
1 35
1 36
1 38
1 39
1 40
1 41
1 43
1 46
1 49
1 50
1 54
1 55
1 57
1 58
1 60
1 62
1 65
1 66
1 67
1 68
1 69
1 72
1 74
1 75
1 76
1 77
1 78
2 3
2 4
2 5
2 6
2 7
2 8
2 10
2 11
2 15
2 18
2 22
2 24
2 25
2 26
2 27
2 28
2 31
2 32
2 33
2 43
2 44
2 46
2 52
2 59
2 60
2 64
2 65
2 66
2 69
2 70
2 72
2 73
2 74
2 75
2 79
3 6
3 8
3 10
3 11
3 12
3 13
3 14
3 15
3 17
3 18
3 20
3 24
3 26
3 28
3 33
3 34
3 35
3 36
3 38
3 39
3 41
3 42
3 43
3 44
3 46
3 49
3 50
3 54
3 55
3 58
3 59
3 60
3 61
3 62
3 63
3 64
3 66
3 68
3 70
3 72
3 73
3 74
3 75
3 76
3 77
3 79
4 10
4 11
4 14
4 22
4 25
4 26
4 27
4 30
4 32
4 34
4 38
4 41
4 43
4 45
4 47
4 49
4 50
4 51
4 55
4 56
4 58
4 59
4 62
4 63
4 66
4 68
4 69
4 72
4 73
4 74
4 75
4 76
4 77
4 78
5 6
5 7
5 10
5 11
5 12
5 17
5 19
5 25
5 26
5 27
5 28
5 33
5 34
5 40
5 41
5 46
5 50
5 51
5 52
5 58
5 59
5 61
5 63
5 64
5 65
5 67
5 69
5 71
5 72
5 73
5 75
5 76
5 77
5 79
6 8
6 13
6 14
6 16
6 17
6 18
6 21
6 22
6 23
6 24
6 25
6 27
6 29
6 30
6 34
6 35
6 37
6 38
6 44
6 46
6 53
6 58
6 59
6 60
6 61
6 63
6 66
6 67
6 68
6 70
6 73
6 74
6 75
6 76
6 79
7 8
7 10
7 11
7 12
7 13
7 14
7 15
7 16
7 19
7 23
7 29
7 30
7 32
7 33
7 34
7 35
7 36
7 37
7 42
7 43
7 44
7 47
7 48
7 50
7 51
7 52
7 53
7 54
7 56
7 63
7 66
7 67
7 68
7 70
7 72
7 78
7 79
8 9
8 10
8 11
8 13
8 14
8 17
8 18
8 19
8 20
8 22
8 24
8 28
8 30
8 34
8 36
8 38
8 39
8 42
8 47
8 48
8 53
8 55
8 56
8 58
8 61
8 62
8 65
8 69
8 71
8 73
8 76
8 77
8 79
9 10
9 12
9 14
9 15
9 17
9 18
9 21
9 25
9 27
9 29
9 30
9 31
9 37
9 38
9 39
9 40
9 42
9 43
9 44
9 45
9 48
9 49
9 50
9 51
9 52
9 56
9 58
9 59
9 61
9 63
9 67
9 68
9 69
9 72
9 75
9 76
9 77
9 78
9 79
10 11
10 12
10 14
10 15
10 16
10 18
10 19
10 20
10 22
10 26
10 32
10 34
10 36
10 40
10 46
10 47
10 48
10 57
10 59
10 62
10 64
10 65
10 66
10 67
10 71
10 72
10 74
10 75
10 76
10 78
11 12
11 13
11 14
11 15
11 16
11 17
11 20
11 21
11 22
11 29
11 33
11 35
11 40
11 41
11 42
11 43
11 44
11 45
11 46
11 47
11 49
11 52
11 54
11 55
11 57
11 58
11 59
11 60
11 63
11 65
11 66
11 68
11 69
11 70
11 72
11 74
12 13
12 14
12 19
12 20
12 21
12 22
12 26
12 27
12 30
12 33
12 36
12 37
12 39
12 42
12 43
12 46
12 47
12 49
12 51
12 52
12 56
12 58
12 59
12 63
12 64
12 66
12 67
12 68
12 69
12 71
12 72
12 74
12 78
12 79
13 17
13 20
13 21
13 23
13 24
13 28
13 29
13 30
13 31
13 32
13 34
13 35
13 37
13 38
13 42
13 46
13 48
13 49
13 51
13 54
13 61
13 65
13 66
13 68
13 69
13 72
13 75
13 76
13 77
13 79
14 16
14 17
14 18
14 19
14 23
14 26
14 27
14 28
14 30
14 31
14 33
14 35
14 36
14 42
14 45
14 47
14 48
14 49
14 51
14 56
14 58
14 61
14 62
14 65
14 66
14 69
14 72
14 73
14 75
14 79
15 17
15 19
15 20
15 22
15 23
15 26
15 28
15 29
15 30
15 33
15 34
15 36
15 38
15 39
15 42
15 46
15 50
15 51
15 52
15 53
15 54
15 57
15 61
15 63
15 65
15 67
15 71
15 74
15 75
15 77
15 78
16 17
16 18
16 19
16 20
16 22
16 24
16 25
16 27
16 28
16 31
16 32
16 36
16 38
16 40
16 41
16 43
16 45
16 47
16 48
16 50
16 51
16 53
16 56
16 57
16 58
16 59
16 60
16 61
16 64
16 66
16 67
16 68
16 73
16 75
16 77
16 78
16 79
17 19
17 22
17 23
17 25
17 28
17 29
17 33
17 34
17 36
17 37
17 38
17 43
17 45
17 47
17 48
17 51
17 52
17 53
17 54
17 56
17 57
17 58
17 60
17 61
17 64
17 65
17 66
17 68
17 70
17 72
17 73
17 74
17 75
17 76
17 77
17 78
18 20
18 22
18 23
18 24
18 25
18 27
18 29
18 30
18 31
18 32
18 34
18 36
18 38
18 40
18 43
18 45
18 46
18 47
18 48
18 49
18 50
18 56
18 57
18 59
18 60
18 61
18 62
18 63
18 64
18 65
18 66
18 70
18 73
18 75
18 76
18 78
19 20
19 22
19 23
19 24
19 29
19 30
19 31
19 33
19 36
19 39
19 40
19 41
19 42
19 43
19 46
19 47
19 48
19 50
19 51
19 53
19 56
19 57
19 59
19 60
19 63
19 64
19 66
19 71
19 74
19 79
20 23
20 26
20 28
20 31
20 33
20 34
20 37
20 38
20 39
20 40
20 41
20 45
20 46
20 50
20 51
20 53
20 55
20 57
20 61
20 62
20 63
20 64
20 67
20 69
20 70
20 71
20 77
20 78
20 79
21 23
21 25
21 26
21 27
21 28
21 30
21 36
21 37
21 38
21 39
21 40
21 42
21 44
21 45
21 46
21 47
21 49
21 50
21 51
21 52
21 55
21 57
21 60
21 62
21 63
21 64
21 67
21 73
21 77
21 79
22 23
22 24
22 25
22 26
22 31
22 33
22 34
22 36
22 39
22 40
22 41
22 44
22 45
22 46
22 48
22 50
22 52
22 53
22 56
22 58
22 59
22 61
22 63
22 64
22 65
22 66
22 67
22 68
22 69
22 73
22 75
22 79
23 24
23 26
23 27
23 28
23 30
23 31
23 32
23 33
23 37
23 38
23 39
23 41
23 42
23 44
23 49
23 50
23 52
23 53
23 55
23 57
23 61
23 69
23 70
23 73
24 25
24 27
24 29
24 30
24 33
24 34
24 35
24 36
24 37
24 41
24 42
24 44
24 45
24 47
24 49
24 50
24 53
24 55
24 57
24 59
24 62
24 66
24 67
24 68
24 71
24 72
24 74
24 75
24 77
25 26
25 28
25 35
25 36
25 37
25 42
25 44
25 49
25 55
25 56
25 58
25 59
25 62
25 63
25 67
25 68
25 69
25 72
25 73
25 77
25 78
25 79
26 27
26 28
26 29
26 31
26 37
26 39
26 40
26 41
26 43
26 44
26 45
26 46
26 47
26 49
26 50
26 52
26 54
26 55
26 56
26 60
26 61
26 62
26 63
26 66
26 69
26 72
26 74
26 75
26 76
26 79
27 28
27 29
27 36
27 38
27 39
27 41
27 42
27 48
27 52
27 55
27 56
27 63
27 64
27 67
27 70
27 71
27 74
27 75
27 78
27 79
28 29
28 34
28 35
28 37
28 39
28 42
28 44
28 45
28 46
28 47
28 50
28 51
28 52
28 54
28 57
28 58
28 59
28 60
28 64
28 71
28 74
28 75
28 77
28 78
29 33
29 34
29 37
29 38
29 39
29 40
29 44
29 45
29 46
29 49
29 50
29 51
29 52
29 53
29 54
29 56
29 57
29 58
29 60
29 63
29 65
29 66
29 67
29 68
29 69
29 70
29 72
29 75
29 77
30 36
30 37
30 38
30 42
30 44
30 46
30 47
30 48
30 49
30 50
30 51
30 52
30 53
30 56
30 57
30 58
30 59
30 62
30 63
30 64
30 65
30 66
30 67
30 68
30 70
30 71
30 73
30 74
30 75
30 76
30 77
30 79
31 32
31 33
31 35
31 37
31 40
31 43
31 46
31 49
31 50
31 52
31 55
31 56
31 57
31 58
31 59
31 61
31 64
31 67
31 68
31 69
31 77
31 79
32 37
32 40
32 42
32 45
32 46
32 47
32 49
32 52
32 54
32 57
32 58
32 61
32 62
32 63
32 66
32 67
32 69
32 71
32 72
32 76
33 34
33 35
33 36
33 38
33 40
33 46
33 49
33 51
33 52
33 53
33 54
33 55
33 56
33 57
33 58
33 61
33 63
33 66
33 68
33 69
33 71
33 75
33 78
34 36
34 37
34 41
34 44
34 46
34 49
34 51
34 53
34 57
34 59
34 60
34 61
34 62
34 63
34 64
34 65
34 66
34 68
34 69
34 71
34 73
34 74
34 79
35 37
35 38
35 40
35 41
35 43
35 44
35 50
35 52
35 54
35 55
35 56
35 57
35 62
35 67
35 68
35 70
35 71
35 72
35 75
35 76
35 79
36 40
36 41
36 43
36 44
36 46
36 47
36 50
36 52
36 54
36 55
36 57
36 60
36 61
36 66
36 71
36 72
36 74
36 75
36 77
36 79
37 42
37 43
37 44
37 49
37 50
37 51
37 53
37 56
37 58
37 60
37 67
37 68
37 69
37 73
37 74
37 75
37 78
37 79
38 39
38 40
38 41
38 42
38 43
38 44
38 45
38 46
38 48
38 49
38 50
38 51
38 52
38 53
38 57
38 60
38 62
38 68
38 70
38 75
39 40
39 41
39 42
39 43
39 47
39 48
39 53
39 54
39 60
39 61
39 66
39 67
39 70
39 71
39 72
39 73
39 74
39 76
40 44
40 46
40 48
40 50
40 57
40 58
40 60
40 62
40 63
40 64
40 65
40 66
40 67
40 68
40 69
40 70
40 71
40 74
40 77
41 44
41 47
41 48
41 50
41 53
41 55
41 56
41 59
41 64
41 70
41 73
41 74
41 76
42 44
42 45
42 47
42 48
42 50
42 51
42 52
42 55
42 57
42 58
42 59
42 60
42 61
42 62
42 64
42 65
42 66
42 68
42 70
42 71
42 75
42 76
42 78
43 49
43 50
43 51
43 52
43 53
43 56
43 58
43 59
43 60
43 64
43 65
43 66
43 69
43 70
43 74
43 77
43 78
44 46
44 47
44 49
44 51
44 53
44 54
44 55
44 57
44 59
44 60
44 63
44 65
44 66
44 68
44 70
44 71
44 72
44 74
44 75
44 77
44 79
45 46
45 50
45 54
45 56
45 57
45 58
45 60
45 61
45 62
45 63
45 64
45 65
45 66
45 67
45 68
45 69
45 71
45 74
45 77
45 78
45 79
46 47
46 49
46 51
46 52
46 54
46 55
46 58
46 60
46 61
46 66
46 68
46 75
46 77
47 48
47 50
47 52
47 53
47 55
47 56
47 57
47 58
47 60
47 61
47 66
47 67
47 68
47 69
47 71
47 72
47 73
47 75
47 76
47 78
48 49
48 50
48 52
48 53
48 56
48 59
48 60
48 61
48 64
48 66
48 67
48 69
48 70
48 71
48 72
48 74
48 75
49 50
49 51
49 56
49 59
49 60
49 61
49 69
49 70
49 71
49 72
49 73
49 76
49 77
49 79
50 55
50 56
50 59
50 61
50 62
50 63
50 66
50 70
50 71
50 72
50 73
50 75
50 76
50 78
51 52
51 55
51 59
51 62
51 63
51 72
51 78
52 55
52 56
52 57
52 58
52 59
52 60
52 62
52 63
52 65
52 69
52 72
52 74
52 76
52 78
52 79
53 54
53 55
53 57
53 58
53 59
53 66
53 67
53 68
53 75
53 76
53 77
53 78
53 79
54 55
54 56
54 57
54 58
54 59
54 60
54 61
54 64
54 67
54 69
54 71
54 72
54 73
55 56
55 57
55 59
55 61
55 62
55 67
55 68
55 69
55 70
55 74
55 75
55 76
55 78
55 79
56 59
56 61
56 64
56 66
56 68
56 73
56 78
57 60
57 63
57 64
57 65
57 67
57 70
57 72
57 73
57 74
57 75
57 76
57 79
58 60
58 65
58 69
58 70
58 72
58 73
58 74
58 75
58 76
58 77
58 79
59 63
59 64
59 65
59 69
59 71
59 72
59 76
59 77
59 78
60 64
60 66
60 69
60 70
60 71
60 73
60 74
60 76
60 77
60 78
61 62
61 66
61 67
61 68
61 69
61 72
61 74
61 75
61 77
61 79
62 64
62 65
62 66
62 67
62 69
62 70
62 72
62 73
62 74
62 76
62 79
63 64
63 65
63 67
63 70
63 71
63 76
63 77
63 79
64 65
64 69
64 73
64 74
64 79
65 68
65 70
65 71
65 72
65 73
65 74
66 67
66 68
66 69
66 70
66 72
66 74
66 75
66 76
66 77
66 79
67 71
67 72
67 75
67 78
68 72
68 73
68 74
68 76
68 77
68 78
68 79
69 70
69 71
69 72
69 73
69 75
69 77
69 79
70 74
70 76
70 77
70 78
71 72
71 73
71 74
71 75
71 78
72 74
72 75
72 77
72 78
72 79
73 74
73 75
73 77
73 78
73 79
74 76
75 78
76 78
77 78
78 79
