8
80
10
1
5
0 3
0 6
0 16
0 18
0 24
0 37
0 42
0 53
0 69
0 71
1 8
1 15
1 20
1 24
1 30
1 35
1 36
1 43
1 46
1 54
1 69
1 74
1 76
1 77
2 5
2 7
2 11
2 24
2 27
2 32
2 44
2 59
2 60
2 66
2 69
2 79
3 6
3 15
3 17
3 20
3 28
3 36
3 43
3 49
3 50
3 59
3 61
3 62
3 72
4 10
4 30
4 32
4 43
4 49
4 56
4 59
4 66
4 68
4 74
4 75
4 78
5 6
5 12
5 19
5 26
5 27
5 33
5 40
5 41
5 46
5 50
5 52
5 58
5 73
5 76
6 8
6 13
6 17
6 18
6 23
6 34
6 46
6 59
6 63
6 67
6 75
7 10
7 14
7 16
7 29
7 30
7 32
7 44
7 51
7 52
7 53
7 54
7 66
7 68
7 79
8 9
8 11
8 13
8 17
8 18
8 30
8 36
8 39
8 42
8 47
8 48
8 65
8 69
8 71
8 73
8 76
9 10
9 14
9 15
9 21
9 25
9 29
9 30
9 40
9 42
9 48
9 51
9 52
9 58
9 59
9 61
9 72
9 76
9 77
9 79
10 12
10 15
10 16
10 19
10 22
10 26
10 36
10 57
10 59
10 65
10 72
10 74
10 75
10 76
10 78
11 12
11 13
11 15
11 17
11 20
11 21
11 22
11 29
11 40
11 43
11 44
11 45
11 46
11 52
11 57
11 63
11 66
11 70
12 13
12 19
12 20
12 21
12 22
12 26
12 27
12 30
12 33
12 36
12 37
12 39
12 42
12 47
12 51
12 52
12 59
12 63
12 67
12 68
12 71
13 23
13 29
13 31
13 34
13 37
13 46
13 68
13 69
13 77
13 79
14 19
14 27
14 30
14 35
14 45
14 48
14 49
14 51
14 61
14 75
15 20
15 26
15 33
15 42
15 63
15 67
15 78
16 19
16 22
16 25
16 27
16 31
16 38
16 40
16 43
16 50
16 51
16 58
16 60
16 64
16 67
16 73
17 22
17 28
17 33
17 36
17 37
17 38
17 45
17 48
17 53
17 56
17 57
17 61
17 73
17 74
17 75
18 20
18 22
18 24
18 29
18 38
18 43
18 45
18 47
18 50
18 59
18 61
18 64
18 70
18 75
18 78
19 22
19 23
19 30
19 31
19 36
19 39
19 42
19 43
19 46
19 50
19 51
19 56
19 57
19 60
19 63
19 79
20 23
20 26
20 33
20 34
20 41
20 46
20 57
20 62
20 67
20 69
21 27
21 30
21 36
21 39
21 40
21 42
21 45
21 46
21 47
21 49
21 52
21 62
21 64
21 73
21 79
22 31
22 36
22 39
22 41
22 45
22 50
22 61
22 65
22 67
22 68
22 69
22 79
23 24
23 27
23 28
23 30
23 33
23 37
23 39
23 41
23 53
23 61
23 70
23 73
24 29
24 30
24 35
24 36
24 42
24 50
24 53
24 55
24 57
24 59
24 62
24 75
25 28
25 42
25 58
25 68
25 77
25 78
26 29
26 41
26 43
26 50
26 55
26 60
26 61
26 66
26 72
26 74
26 75
26 76
27 28
27 29
27 38
27 39
27 41
27 42
27 48
27 71
27 79
28 37
28 44
28 45
28 50
28 51
28 58
28 59
28 64
28 71
28 75
29 34
29 37
29 38
29 39
29 45
29 50
29 52
29 65
29 70
29 77
30 38
30 42
30 44
30 47
30 48
30 49
30 53
30 58
30 59
30 65
30 70
30 73
30 77
31 33
31 37
31 43
31 50
31 52
31 56
31 59
31 61
31 64
31 69
31 79
32 45
32 46
32 47
32 49
32 57
32 69
32 71
32 76
33 34
33 35
33 36
33 38
33 40
33 46
33 56
33 57
33 58
33 63
33 66
33 69
33 75
33 78
34 36
34 37
34 41
34 44
34 46
34 51
34 53
34 63
34 66
34 74
34 79
35 41
35 44
35 52
35 57
35 62
35 70
35 75
35 76
35 79
36 40
36 44
36 47
36 50
36 60
36 61
36 72
36 77
37 42
37 43
37 44
37 49
37 67
37 73
37 74
37 78
38 40
38 45
38 51
38 53
38 70
39 40
39 48
39 54
39 60
39 70
40 44
40 46
40 50
40 65
40 74
40 77
41 50
41 55
41 59
41 64
41 70
41 74
41 76
42 51
42 52
42 57
42 58
42 62
42 64
42 68
42 75
42 76
43 49
43 53
43 59
43 60
43 70
43 74
43 77
44 47
44 51
44 53
44 55
44 57
44 59
44 60
44 63
44 65
44 70
44 71
44 74
45 46
45 50
45 54
45 56
45 60
45 65
45 67
45 69
45 78
46 47
46 49
46 58
46 66
47 53
47 55
47 58
47 66
47 69
47 75
47 78
48 50
48 53
48 59
48 64
48 66
48 74
49 59
49 69
49 71
50 55
50 59
50 61
50 62
50 66
50 72
50 75
51 55
51 63
51 78
52 56
52 58
52 76
52 78
53 54
53 58
53 66
53 67
53 77
54 55
54 57
54 58
54 61
54 64
54 73
55 59
55 68
55 70
55 74
56 64
56 68
57 60
57 63
57 64
57 67
57 72
57 79
58 65
58 69
58 73
58 74
58 75
58 76
58 77
59 64
59 65
59 69
59 71
60 64
60 66
60 69
60 70
60 73
60 76
60 77
61 62
61 67
61 72
61 75
61 79
62 64
62 65
62 74
62 79
63 65
65 70
65 71
65 74
66 67
66 68
66 72
67 71
68 72
68 73
68 74
68 76
69 71
69 75
69 77
70 78
71 72
72 74
72 75
72 77
72 79
78 79
