8
80
10
1
5
0 24
0 42
1 30
1 35
1 36
1 46
1 54
1 69
1 77
2 5
2 60
2 66
2 69
2 79
3 6
3 17
3 20
3 28
3 36
3 43
3 49
3 59
3 62
4 10
4 30
4 49
4 56
4 66
4 68
4 74
4 75
4 78
5 6
5 12
5 19
5 26
5 41
5 58
5 73
5 76
6 13
6 18
6 23
6 34
7 10
7 14
7 16
7 29
7 30
7 44
7 52
7 53
7 68
7 79
8 9
8 11
8 30
8 36
8 47
8 48
8 69
8 71
8 73
8 76
9 10
9 21
9 25
9 30
9 40
9 42
9 48
9 58
9 59
9 61
9 77
10 16
10 22
10 59
10 72
10 74
10 75
11 13
11 15
11 17
11 20
11 40
11 43
11 46
11 63
12 13
12 19
12 20
12 26
12 33
12 36
12 37
12 39
12 52
12 59
12 68
13 68
13 69
13 79
14 19
14 30
14 35
14 45
14 48
14 51
14 75
15 33
15 63
15 67
16 19
16 22
16 25
16 27
16 40
16 43
16 64
16 67
16 73
17 22
17 33
17 38
17 45
17 56
17 74
17 75
18 20
18 22
18 24
18 38
18 45
18 59
18 61
18 64
18 78
19 22
19 30
19 36
19 39
19 46
19 51
19 56
19 60
19 63
20 41
20 46
20 57
20 62
20 67
20 69
21 39
21 40
21 42
21 46
21 47
21 49
21 64
22 31
22 36
22 50
22 67
22 68
22 69
23 24
23 30
23 41
23 53
23 73
24 29
24 53
24 57
24 62
25 28
25 42
25 68
25 78
26 43
26 50
26 60
26 66
26 72
26 74
27 28
27 41
27 42
27 48
27 71
28 37
28 50
28 51
28 58
28 64
28 71
28 75
29 34
29 37
29 45
29 52
29 70
30 42
30 44
30 47
30 58
30 59
31 33
31 37
31 50
31 52
31 61
31 79
32 46
32 76
33 34
33 36
33 38
33 56
33 57
33 75
34 37
34 41
34 44
34 79
35 41
35 52
35 57
36 40
36 44
36 47
36 72
36 77
37 44
37 49
37 67
37 73
37 74
38 45
38 51
38 53
40 46
40 77
41 50
41 55
41 64
41 76
42 51
42 58
42 64
42 68
42 76
43 49
43 70
44 55
44 57
44 59
44 60
44 63
44 70
44 71
44 74
45 65
45 67
46 49
46 66
47 55
47 58
47 66
47 69
47 75
47 78
48 53
48 59
48 66
49 59
49 69
49 71
50 55
50 59
50 61
50 62
50 66
50 75
51 63
52 56
53 54
53 58
54 55
55 68
55 70
56 68
57 60
57 64
57 67
57 79
58 65
58 73
58 74
58 75
58 76
59 64
59 65
59 71
60 64
60 66
60 73
60 76
61 79
62 64
62 65
62 74
63 65
65 70
66 72
68 72
71 72
