4
40
5
1
5
0 2
0 6
0 9
0 16
0 21
0 24
0 36
1 5
1 6
1 10
1 15
1 24
1 27
1 30
1 34
1 35
1 36
2 9
2 11
2 18
2 25
2 27
2 29
3 6
3 11
3 20
3 22
3 26
3 30
3 36
4 7
4 10
4 15
4 16
4 19
4 20
4 23
4 26
4 28
4 30
4 34
4 35
4 37
4 38
5 12
5 18
5 25
5 26
5 27
5 36
6 9
6 11
6 13
6 21
6 23
6 26
7 8
7 12
7 14
7 16
7 29
7 30
7 35
8 9
8 11
8 19
8 26
8 30
8 31
8 36
9 19
9 21
9 25
9 37
10 16
10 19
10 21
10 22
10 31
10 32
10 35
11 13
11 17
11 19
11 20
11 23
11 28
12 16
12 19
12 20
12 26
12 28
12 29
12 33
12 36
12 37
13 14
13 18
13 28
13 29
13 39
14 19
15 27
15 30
15 33
16 19
16 22
16 25
16 27
16 28
16 33
17 22
17 24
17 33
17 35
18 19
18 22
18 24
18 28
18 33
18 34
18 35
18 36
19 22
19 23
19 24
19 25
19 30
19 36
19 39
20 22
20 26
20 27
20 29
20 33
21 39
22 24
22 25
22 27
22 28
22 29
23 30
24 28
25 28
25 38
26 34
27 37
28 31
28 35
28 37
29 37
31 32
31 37
33 35
33 36
34 39
36 37
