4
40
5
1
5
0 2
0 6
0 9
0 11
0 16
0 21
0 24
0 36
0 37
1 5
1 6
1 10
1 14
1 15
1 20
1 23
1 24
1 27
1 29
1 30
1 34
1 35
1 36
2 9
2 11
2 18
2 20
2 21
2 24
2 25
2 26
2 27
2 28
2 29
2 39
3 6
3 11
3 17
3 19
3 20
3 22
3 26
3 28
3 30
3 36
4 7
4 9
4 10
4 15
4 16
4 17
4 19
4 20
4 23
4 26
4 28
4 30
4 34
4 35
4 37
4 38
5 6
5 12
5 18
5 25
5 26
5 27
5 29
5 33
5 36
5 38
6 9
6 11
6 13
6 18
6 19
6 20
6 21
6 23
6 26
6 32
6 34
7 8
7 10
7 12
7 14
7 15
7 16
7 18
7 21
7 26
7 28
7 29
7 30
7 35
7 36
8 9
8 11
8 13
8 14
8 19
8 26
8 27
8 29
8 30
8 31
8 33
8 36
9 10
9 18
9 19
9 21
9 25
9 29
9 30
9 37
10 15
10 16
10 19
10 21
10 22
10 26
10 28
10 31
10 32
10 34
10 35
11 13
11 17
11 19
11 20
11 23
11 28
11 38
12 13
12 16
12 19
12 20
12 26
12 28
12 29
12 33
12 35
12 36
12 37
12 39
13 14
13 18
13 23
13 24
13 28
13 29
13 39
14 15
14 19
14 35
15 23
15 27
15 28
15 30
15 33
16 19
16 22
16 25
16 27
16 28
16 33
17 20
17 22
17 24
17 27
17 33
17 34
17 35
18 19
18 22
18 24
18 28
18 30
18 33
18 34
18 35
18 36
18 38
19 22
19 23
19 24
19 25
19 30
19 36
19 39
20 22
20 24
20 26
20 27
20 29
20 33
20 36
21 24
21 39
22 24
22 25
22 27
22 28
22 29
22 36
23 24
23 30
23 33
24 28
24 29
25 28
25 30
25 38
26 32
26 34
27 28
27 37
28 31
28 32
28 35
28 37
29 30
29 34
29 37
31 32
31 33
31 37
31 39
32 36
33 35
33 36
34 37
34 39
36 37
