9
90
10
1
5
0 5
0 8
0 17
0 18
0 19
0 24
0 26
0 33
0 34
0 36
0 38
0 42
0 51
0 53
0 60
0 63
0 64
0 66
0 72
0 74
0 79
0 80
0 81
0 82
0 86
1 6
1 9
1 11
1 21
1 23
1 26
1 30
1 32
1 36
1 37
1 38
1 43
1 44
1 46
1 50
1 56
1 57
1 58
1 63
1 69
1 71
1 72
1 80
1 81
1 82
1 85
2 15
2 20
2 22
2 30
2 31
2 32
2 37
2 39
2 41
2 42
2 46
2 53
2 55
2 57
2 58
2 61
2 63
2 68
2 70
2 72
2 75
2 76
2 77
2 79
2 82
2 83
2 85
2 86
2 87
2 88
2 89
3 5
3 6
3 7
3 8
3 10
3 17
3 21
3 27
3 29
3 30
3 31
3 32
3 35
3 36
3 39
3 49
3 51
3 59
3 60
3 62
3 70
3 72
3 74
3 75
3 77
3 79
3 85
3 87
3 89
4 7
4 8
4 22
4 26
4 29
4 31
4 32
4 34
4 41
4 44
4 45
4 47
4 48
4 49
4 52
4 57
4 59
4 63
4 69
4 73
4 77
4 83
4 84
4 85
5 6
5 10
5 11
5 13
5 14
5 15
5 20
5 22
5 26
5 28
5 30
5 32
5 35
5 41
5 47
5 48
5 50
5 53
5 56
5 59
5 60
5 62
5 67
5 69
5 74
5 78
5 84
5 88
6 7
6 8
6 10
6 13
6 15
6 19
6 22
6 28
6 40
6 43
6 47
6 52
6 54
6 55
6 56
6 58
6 60
6 67
6 68
6 69
6 70
6 81
6 83
6 86
7 8
7 24
7 25
7 27
7 28
7 30
7 33
7 36
7 37
7 42
7 49
7 52
7 54
7 57
7 60
7 61
7 64
7 69
7 70
7 74
7 78
7 80
7 82
7 87
7 89
8 13
8 16
8 17
8 21
8 25
8 26
8 29
8 32
8 33
8 35
8 36
8 37
8 39
8 40
8 42
8 52
8 54
8 59
8 67
8 69
8 70
8 71
8 73
8 74
8 77
8 78
8 80
8 86
8 87
9 13
9 15
9 16
9 21
9 33
9 38
9 42
9 43
9 44
9 45
9 46
9 58
9 61
9 67
9 68
9 74
9 76
9 78
9 79
9 81
9 87
10 22
10 26
10 29
10 31
10 36
10 37
10 40
10 42
10 45
10 46
10 47
10 48
10 49
10 50
10 54
10 56
10 61
10 64
10 69
10 70
10 71
10 72
10 73
10 76
10 78
10 81
10 85
10 87
10 88
11 18
11 22
11 24
11 29
11 33
11 44
11 45
11 48
11 53
11 64
11 65
11 73
11 79
11 86
11 87
12 15
12 20
12 31
12 35
12 40
12 46
12 47
12 48
12 50
12 52
12 55
12 57
12 60
12 66
12 70
12 71
12 73
12 76
12 77
12 78
12 81
12 82
12 84
12 89
13 14
13 16
13 17
13 21
13 24
13 25
13 29
13 35
13 37
13 38
13 47
13 49
13 56
13 61
13 62
13 66
13 71
13 72
13 73
13 74
13 77
13 80
13 84
13 85
14 21
14 29
14 41
14 42
14 45
14 46
14 50
14 56
14 64
14 66
14 67
14 68
14 74
14 77
14 78
14 86
14 87
14 88
14 89
15 26
15 27
15 31
15 36
15 45
15 47
15 49
15 51
15 57
15 59
15 60
15 61
15 64
15 71
15 72
15 74
15 79
15 80
15 85
16 18
16 20
16 22
16 25
16 27
16 30
16 31
16 34
16 35
16 36
16 39
16 55
16 57
16 58
16 61
16 62
16 73
16 74
16 75
16 76
17 18
17 19
17 20
17 21
17 23
17 28
17 39
17 40
17 43
17 46
17 48
17 50
17 52
17 60
17 67
17 79
17 80
17 81
17 83
17 85
17 87
17 89
18 19
18 20
18 21
18 22
18 25
18 26
18 27
18 30
18 37
18 43
18 46
18 48
18 49
18 55
18 63
18 64
18 65
18 66
18 67
18 68
18 73
18 78
18 87
19 20
19 24
19 26
19 28
19 32
19 33
19 34
19 37
19 42
19 43
19 44
19 48
19 50
19 55
19 59
19 61
19 65
19 66
19 68
19 69
19 70
19 71
19 73
19 74
19 75
19 79
19 81
19 82
20 25
20 28
20 35
20 36
20 38
20 40
20 41
20 44
20 46
20 47
20 48
20 52
20 55
20 56
20 58
20 60
20 61
20 62
20 67
20 71
20 79
20 80
20 81
20 84
20 88
21 28
21 29
21 30
21 33
21 39
21 43
21 44
21 50
21 53
21 57
21 58
21 62
21 65
21 69
21 74
21 80
21 84
21 87
21 89
22 23
22 33
22 34
22 36
22 37
22 40
22 41
22 55
22 59
22 64
22 65
22 67
22 71
22 74
22 76
22 77
22 78
22 82
22 83
22 85
23 24
23 25
23 28
23 29
23 34
23 35
23 38
23 47
23 54
23 56
23 59
23 63
23 64
23 69
23 73
23 76
23 77
23 80
23 81
23 87
24 25
24 26
24 28
24 29
24 30
24 31
24 34
24 41
24 48
24 50
24 53
24 60
24 63
24 66
24 68
24 76
24 77
24 84
24 89
25 27
25 28
25 31
25 38
25 39
25 40
25 71
25 72
25 80
25 83
25 85
26 30
26 31
26 33
26 44
26 45
26 48
26 53
26 54
26 57
26 58
26 61
26 63
26 65
26 70
26 72
26 77
26 79
26 87
27 28
27 30
27 33
27 35
27 44
27 51
27 53
27 55
27 56
27 62
27 65
27 69
27 70
27 72
27 73
27 75
27 78
27 81
27 82
27 83
27 86
27 88
27 89
28 30
28 32
28 39
28 40
28 42
28 45
28 49
28 50
28 54
28 70
28 74
28 80
28 82
29 31
29 42
29 45
29 46
29 48
29 50
29 53
29 56
29 60
29 62
29 65
29 67
29 70
29 74
29 76
29 78
29 80
29 81
29 82
29 83
29 84
29 88
29 89
30 41
30 48
30 49
30 51
30 55
30 60
30 63
30 65
30 66
30 67
30 72
30 74
30 76
30 79
30 81
31 45
31 47
31 50
31 52
31 53
31 54
31 55
31 60
31 65
31 68
31 70
31 72
31 74
31 76
32 46
32 47
32 50
32 55
32 62
32 67
32 76
32 78
32 84
33 39
33 47
33 48
33 50
33 57
33 66
33 71
33 73
33 74
33 76
33 78
33 81
33 83
33 87
34 38
34 42
34 49
34 55
34 57
34 58
34 59
34 63
34 65
34 66
34 70
34 71
34 73
34 75
34 76
34 77
34 79
34 80
34 86
34 89
35 41
35 42
35 50
35 54
35 56
35 60
35 67
35 72
35 73
35 84
36 42
36 43
36 44
36 45
36 47
36 54
36 56
36 57
36 58
36 59
36 60
36 61
36 63
36 64
36 66
36 68
36 71
36 75
36 79
36 81
37 41
37 45
37 50
37 53
37 55
37 56
37 57
37 66
37 67
37 68
37 69
37 70
37 71
37 81
37 82
37 86
37 89
38 39
38 40
38 41
38 42
38 43
38 49
38 50
38 53
38 58
38 68
38 69
38 70
38 71
38 72
38 73
38 74
38 75
38 80
38 83
38 84
39 40
39 41
39 43
39 49
39 51
39 52
39 54
39 57
39 61
39 69
39 74
39 80
39 82
39 89
40 43
40 45
40 48
40 49
40 50
40 52
40 55
40 58
40 65
40 69
40 73
40 76
40 77
40 89
41 42
41 47
41 51
41 53
41 60
41 63
41 64
41 66
41 67
41 69
41 70
41 73
41 76
41 79
41 83
41 87
41 88
42 44
42 45
42 52
42 57
42 60
42 62
42 63
42 64
42 65
42 66
42 71
42 80
42 81
42 84
42 88
43 50
43 52
43 59
43 61
43 68
43 74
43 75
43 77
43 83
43 84
44 45
44 47
44 48
44 52
44 56
44 57
44 61
44 65
44 66
44 68
44 73
44 76
44 77
44 82
44 83
44 86
45 52
45 54
45 58
45 61
45 62
45 63
45 68
45 72
45 73
45 74
45 76
45 79
45 85
45 89
46 50
46 52
46 55
46 59
46 60
46 61
46 66
46 68
46 69
46 83
46 84
46 86
46 88
46 89
47 48
47 52
47 54
47 56
47 59
47 64
47 68
47 69
47 74
47 78
47 80
48 49
48 61
48 62
48 63
48 65
48 66
48 72
48 80
48 81
48 89
49 52
49 53
49 55
49 56
49 66
49 69
49 70
49 72
49 73
49 76
49 80
49 84
49 87
49 89
50 52
50 53
50 56
50 57
50 60
50 65
50 66
50 68
50 79
51 54
51 56
51 66
51 69
51 70
51 72
51 75
51 76
51 78
51 80
51 82
51 89
52 56
52 58
52 62
52 63
52 64
52 68
52 69
52 71
52 72
52 74
52 80
52 82
53 56
53 57
53 59
53 60
53 67
53 76
53 77
53 78
53 83
53 88
54 60
54 65
54 67
54 68
54 72
54 80
54 83
54 85
54 87
55 59
55 60
55 61
55 63
55 68
55 71
55 77
55 78
55 79
55 87
56 59
56 60
56 63
56 64
56 66
56 68
56 70
56 73
56 74
56 83
56 85
56 88
57 59
57 64
57 68
57 73
57 76
57 83
57 86
57 89
58 59
58 60
58 65
58 70
58 72
58 74
58 82
58 84
58 87
59 61
59 62
59 63
59 64
59 66
59 67
59 69
59 72
59 73
59 74
59 80
59 84
60 64
60 66
60 70
60 73
60 74
60 76
60 81
60 82
60 83
60 86
60 88
61 62
61 70
61 74
61 75
61 83
61 84
61 89
62 64
62 65
62 67
62 68
62 71
62 76
62 77
62 78
62 80
62 81
62 84
62 89
63 67
63 69
63 70
63 74
63 84
63 85
63 88
64 65
64 72
64 73
64 78
64 79
64 81
64 83
65 66
65 70
65 73
65 78
65 80
65 82
65 83
65 88
66 68
66 69
66 70
66 78
66 83
66 85
66 86
67 70
67 72
67 73
67 81
67 85
68 74
68 76
68 78
68 81
68 83
68 84
68 86
68 88
69 72
69 76
69 81
69 87
69 89
70 73
70 74
70 79
70 86
71 72
71 75
71 76
71 85
71 88
72 78
72 79
72 80
72 82
72 84
72 87
73 74
73 76
73 79
73 80
73 83
73 86
74 79
74 81
74 87
74 89
75 76
75 82
75 84
75 86
76 80
76 83
76 85
76 87
76 88
77 88
78 79
78 84
78 87
78 88
79 80
79 81
79 82
79 84
79 86
80 81
80 84
80 86
80 87
81 84
81 86
82 86
82 89
83 84
83 85
84 86
85 88
87 88
87 89
