9
90
10
1
5
0 18
0 19
0 24
0 34
0 66
0 74
1 26
1 37
1 50
1 69
1 80
1 81
2 39
2 46
2 70
2 76
2 77
2 79
2 82
2 86
2 89
3 6
3 8
3 29
3 32
3 35
3 36
3 49
3 51
3 59
3 70
3 72
3 74
3 75
3 77
4 26
4 41
4 44
4 45
4 52
4 57
5 6
5 14
5 47
5 56
5 74
5 78
5 88
6 8
6 15
6 40
6 54
6 67
6 69
6 70
6 81
6 83
7 30
7 36
7 37
7 49
7 57
7 61
7 78
8 25
8 35
8 37
8 40
8 69
8 71
8 73
9 13
9 16
9 21
9 44
9 46
9 58
9 67
9 78
9 87
10 22
10 29
10 36
10 45
10 47
10 54
10 69
10 71
10 81
10 87
10 88
11 22
11 33
11 65
11 73
11 79
11 87
12 15
12 20
12 35
12 46
12 48
12 55
12 73
12 77
12 82
13 16
13 47
13 62
13 73
13 74
13 85
14 42
14 50
14 64
14 67
14 74
14 87
15 26
15 27
15 45
15 47
15 59
15 60
15 61
15 79
16 31
16 34
16 36
16 39
16 57
16 62
16 73
16 74
17 18
17 19
17 20
17 21
17 28
17 48
17 79
17 80
17 81
17 83
17 85
17 89
18 19
18 20
18 26
18 48
18 63
18 65
18 67
18 73
18 78
19 32
19 44
19 50
19 61
19 65
19 82
20 38
20 58
20 61
20 62
20 71
20 84
21 28
21 39
21 44
21 65
21 69
21 74
21 89
22 23
22 40
22 59
22 77
22 78
23 25
23 38
23 73
23 76
24 25
24 28
24 30
24 31
24 34
24 53
24 77
25 27
25 31
25 38
25 80
25 83
26 30
26 33
26 48
26 57
26 61
26 63
26 65
26 77
27 30
27 44
27 56
27 69
27 75
27 88
28 49
28 74
29 65
29 76
29 81
29 84
29 88
30 51
30 55
30 60
30 65
30 72
30 76
31 52
31 60
31 65
31 74
31 76
32 46
32 50
32 62
32 67
32 76
33 39
33 47
33 48
33 50
33 71
33 73
33 74
33 81
34 57
34 58
34 63
34 66
34 70
34 71
34 89
35 42
35 56
35 72
36 42
36 45
36 47
36 60
36 81
37 55
37 56
37 66
37 71
37 81
37 89
38 39
38 40
38 41
38 42
38 43
38 53
38 68
38 71
38 73
38 74
39 40
39 49
39 52
39 89
40 65
40 69
40 73
40 77
41 47
41 51
41 63
41 67
41 73
41 79
41 88
42 44
42 60
42 71
42 80
42 81
43 59
43 68
43 74
43 75
43 77
44 68
44 73
45 52
45 54
45 68
45 72
45 85
45 89
46 52
46 68
46 83
46 88
47 54
47 64
47 69
47 80
48 49
48 62
48 65
48 66
48 72
48 81
48 89
49 72
49 84
49 89
50 66
50 68
50 79
51 56
51 66
51 69
51 82
52 56
52 64
52 72
53 77
53 78
54 65
54 80
55 60
55 68
55 87
56 60
56 64
56 70
57 59
57 73
58 60
58 82
58 84
59 62
59 63
59 64
59 72
59 74
59 80
60 64
60 74
60 76
60 83
61 62
61 74
61 75
61 84
62 76
62 80
62 89
63 69
64 72
65 78
65 82
65 83
65 88
66 68
67 73
67 81
68 74
68 76
68 84
68 88
69 72
69 81
69 87
69 89
70 74
70 79
70 86
71 72
71 88
72 87
73 74
73 79
73 83
74 81
74 87
75 84
76 83
77 88
78 79
78 84
79 81
80 86
83 84
84 86
