6
60
10
1
5
0 4
0 6
0 12
0 16
0 19
0 25
0 36
0 44
0 51
0 56
0 57
1 9
1 14
1 16
1 20
1 26
1 30
1 35
1 37
1 44
1 45
1 50
1 51
1 54
1 55
1 56
2 7
2 9
2 16
2 17
2 19
2 22
2 40
2 43
2 48
2 50
2 59
3 5
3 9
3 11
3 13
3 17
3 32
3 34
3 36
3 40
3 41
3 44
3 48
3 50
3 51
3 59
4 6
4 10
4 12
4 14
4 15
4 17
4 22
4 30
4 56
4 57
4 58
4 59
5 6
5 10
5 14
5 18
5 38
5 42
5 48
5 49
5 52
5 56
5 58
5 59
6 7
6 10
6 20
6 21
6 33
6 38
6 39
6 40
6 45
6 46
6 54
7 8
7 9
7 13
7 18
7 26
7 31
7 36
7 37
7 41
7 48
7 55
8 9
8 11
8 13
8 14
8 16
8 24
8 38
8 39
8 44
8 46
8 50
8 55
9 10
9 14
9 21
9 27
9 29
9 33
9 39
9 40
9 43
9 46
9 48
9 51
9 57
10 11
10 15
10 19
10 21
10 29
10 38
10 39
10 44
10 47
10 58
11 13
11 19
11 21
11 33
11 34
11 52
11 57
11 58
12 13
12 35
12 39
12 46
12 52
12 55
12 57
13 14
13 15
13 16
13 17
13 23
13 25
13 38
13 40
13 43
13 44
13 46
13 48
14 19
14 21
14 27
14 33
14 35
14 44
14 46
14 57
14 58
15 17
15 24
15 27
15 31
15 42
15 59
16 22
16 27
16 32
16 39
16 52
16 59
17 18
17 20
17 28
17 33
17 36
17 41
17 48
17 49
17 50
17 53
17 54
17 59
18 19
18 21
18 30
18 33
18 42
18 47
18 49
18 50
19 21
19 31
19 32
19 37
19 41
19 42
19 43
19 45
19 47
19 50
19 52
19 59
20 31
20 33
20 41
20 42
20 47
20 49
20 58
21 29
21 35
21 36
21 44
21 47
21 59
22 26
22 29
22 31
22 34
22 40
22 45
22 51
23 24
23 30
23 35
23 36
23 46
23 47
23 48
23 54
23 55
24 29
24 30
24 31
24 34
24 49
24 50
24 56
24 58
25 38
25 45
25 47
25 57
26 32
26 35
26 40
26 45
26 51
27 28
27 29
27 37
27 44
27 56
28 35
28 47
28 49
28 51
28 52
28 59
29 32
29 37
29 42
29 43
29 45
29 59
30 35
30 42
30 44
30 45
30 46
30 48
30 54
30 55
31 32
31 45
32 46
32 47
32 50
32 59
33 38
33 39
33 45
33 49
33 56
34 57
35 41
35 42
35 47
35 54
35 56
36 37
36 38
36 42
36 45
36 48
37 44
37 51
38 40
38 42
38 44
38 45
38 50
38 53
38 55
38 58
39 51
39 52
40 54
40 56
40 57
41 42
42 44
42 45
42 47
42 48
42 50
42 51
43 46
43 57
44 50
44 51
44 57
44 59
46 53
46 58
47 50
47 52
47 56
48 49
48 52
48 56
49 50
50 54
50 55
50 56
50 59
52 53
52 56
53 54
53 55
54 55
54 59
55 57
56 57
