6
60
10
1
5
0 4
0 6
0 12
0 36
0 44
0 56
1 9
1 14
1 16
1 20
1 26
1 30
1 35
1 45
1 50
1 54
1 55
1 56
2 7
2 9
2 17
2 19
2 40
2 43
2 48
2 50
3 11
3 40
3 44
3 50
3 51
3 59
4 6
4 14
4 15
4 30
4 56
4 58
4 59
5 6
5 42
5 48
5 52
5 56
5 58
5 59
6 21
6 39
6 46
7 9
7 36
7 41
7 48
7 55
8 11
8 16
8 24
8 38
8 44
8 46
9 27
9 33
9 39
9 40
9 46
9 48
9 57
10 11
10 15
10 21
10 39
10 44
11 33
11 52
11 57
12 13
12 46
12 52
12 55
12 57
13 14
13 15
13 16
13 17
13 25
13 40
13 44
13 48
14 19
14 27
14 44
14 46
14 58
15 24
16 27
16 39
16 52
16 59
17 28
17 33
17 36
18 19
18 42
19 31
19 41
19 50
19 52
19 59
20 31
20 47
21 29
21 35
21 44
21 47
21 59
22 29
22 31
22 40
23 30
23 36
23 46
24 34
24 50
24 58
25 38
25 45
25 47
26 40
26 51
27 29
27 37
27 44
28 35
28 51
28 52
28 59
29 32
29 37
29 42
29 45
29 59
30 35
30 44
30 48
30 55
32 47
32 50
32 59
33 39
33 56
35 47
36 38
36 42
36 45
37 44
37 51
38 42
38 44
38 50
38 53
38 55
42 44
42 45
42 47
43 46
44 57
44 59
46 53
47 50
47 56
48 56
50 55
50 56
50 59
52 56
53 55
54 59
55 57
